 Groundwater/Surface Water exchange (L3/T)
 for each MODFLOW River Cell
 Positive: River water seeps to the aquifer
 Negative: Groundwater flows from aquifer to river
 
 Day:           1
 Layer, Row, Column, Flow Rate
           1          25          17  0.0000000E+00
           1          25          18  0.0000000E+00
           1          26          18  0.0000000E+00
           1          26          19  0.0000000E+00
           1          27          19  0.0000000E+00
           1          27          20  0.0000000E+00
           1          28          20  0.0000000E+00
           1          28          21  0.0000000E+00
           1          29          21  0.0000000E+00
           1          29          22  0.0000000E+00
           1          30          22  0.0000000E+00
           1          31          22  0.0000000E+00
           1          31          23  0.0000000E+00
           1          32          22  0.0000000E+00
           1          32          23  0.0000000E+00
           1          33          22  0.0000000E+00
           1          34          22  0.0000000E+00
           1          34          23  0.0000000E+00
           1          35          23  0.0000000E+00
           1          35          24  0.0000000E+00
           1          36          23  0.0000000E+00
           1          36          24  0.0000000E+00
           1          36          25  0.0000000E+00
           1          36          26  0.0000000E+00
           1          36          27  0.0000000E+00
           1          37          27  0.0000000E+00
           1          37          56  0.0000000E+00
           1          37          57  0.0000000E+00
           1          38          27  0.0000000E+00
           1          38          55  0.0000000E+00
           1          38          56  0.0000000E+00
           1          39          27  0.0000000E+00
           1          39          55  0.0000000E+00
           1          40          25  0.0000000E+00
           1          40          26  0.0000000E+00
           1          40          27  0.0000000E+00
           1          40          55  0.0000000E+00
           1          41          25  0.0000000E+00
           1          41          26  0.0000000E+00
           1          41          27  0.0000000E+00
           1          41          33  0.0000000E+00
           1          41          53  0.0000000E+00
           1          41          54  0.0000000E+00
           1          41          55  0.0000000E+00
           1          42          27  0.0000000E+00
           1          42          33  0.0000000E+00
           1          42          34  0.0000000E+00
           1          42          52  0.0000000E+00
           1          42          53  0.0000000E+00
           1          43          27  0.0000000E+00
           1          43          28  0.0000000E+00
           1          43          34  0.0000000E+00
           1          43          52  0.0000000E+00
           1          44          28  0.0000000E+00
           1          44          29  0.0000000E+00
           1          44          30  0.0000000E+00
           1          44          34  0.0000000E+00
           1          44          35  0.0000000E+00
           1          44          52  0.0000000E+00
           1          44          53  0.0000000E+00
           1          45          30  0.0000000E+00
           1          45          35  0.0000000E+00
           1          45          53  0.0000000E+00
           1          46          30  0.0000000E+00
           1          46          35  0.0000000E+00
           1          46          51  0.0000000E+00
           1          46          52  0.0000000E+00
           1          46          53  0.0000000E+00
           1          47          30  0.0000000E+00
           1          47          31  0.0000000E+00
           1          47          32  0.0000000E+00
           1          47          35  0.0000000E+00
           1          47          50  0.0000000E+00
           1          47          51  0.0000000E+00
           1          48          32  0.0000000E+00
           1          48          33  0.0000000E+00
           1          48          35  0.0000000E+00
           1          48          36  0.0000000E+00
           1          48          49  0.0000000E+00
           1          48          50  0.0000000E+00
           1          49          33  0.0000000E+00
           1          49          34  0.0000000E+00
           1          49          35  0.0000000E+00
           1          49          36  0.0000000E+00
           1          49          37  0.0000000E+00
           1          49          38  0.0000000E+00
           1          49          41  0.0000000E+00
           1          49          42  0.0000000E+00
           1          49          49  0.0000000E+00
           1          50          34  0.0000000E+00
           1          50          35  0.0000000E+00
           1          50          36  0.0000000E+00
           1          50          37  0.0000000E+00
           1          50          38  0.0000000E+00
           1          50          39  0.0000000E+00
           1          50          40  0.0000000E+00
           1          50          41  0.0000000E+00
           1          50          42  0.0000000E+00
           1          50          43  0.0000000E+00
           1          50          49  0.0000000E+00
           1          51          43  0.0000000E+00
           1          51          48  0.0000000E+00
           1          51          49  0.0000000E+00
           1          52          43  0.0000000E+00
           1          52          48  0.0000000E+00
           1          52          49  0.0000000E+00
           1          52          50  0.0000000E+00
           1          53          43  0.0000000E+00
           1          53          44  0.0000000E+00
           1          53          47  0.0000000E+00
           1          53          48  0.0000000E+00
           1          53          50  0.0000000E+00
           1          53          51  0.0000000E+00
           1          54          44  0.0000000E+00
           1          54          45  0.0000000E+00
           1          54          46  0.0000000E+00
           1          54          47  0.0000000E+00
           1          54          51  0.0000000E+00
           1          54          52  0.0000000E+00
           1          55          52  0.0000000E+00
           1          56          52  0.0000000E+00
           1          56          53  0.0000000E+00
           1          56          54  0.0000000E+00
           1          57          53  0.0000000E+00
           1          57          54  0.0000000E+00
           1          58          53  0.0000000E+00
           1          59          53  0.0000000E+00
           1          60          53  0.0000000E+00
           1          61          53  0.0000000E+00
           1          61          54  0.0000000E+00
           1          61          55  0.0000000E+00
           1          61          56  0.0000000E+00
           1          62          56  0.0000000E+00
           1          63          56  0.0000000E+00
           1          63          57  0.0000000E+00
           1          64          56  0.0000000E+00
           1          64          57  0.0000000E+00
           1          65          56  0.0000000E+00
           1          66          56  0.0000000E+00
           1          67          56  0.0000000E+00
           1          68          56  0.0000000E+00
           1          68          57  0.0000000E+00
           1          69          57  0.0000000E+00
           1          70          57  0.0000000E+00
           1          70          58  0.0000000E+00
           1          71          58  0.0000000E+00
           1          72          58  0.0000000E+00
           1          73          54  0.0000000E+00
           1          73          55  0.0000000E+00
           1          73          56  0.0000000E+00
           1          73          57  0.0000000E+00
           1          73          58  0.0000000E+00
           1          74          54  0.0000000E+00
           1          75          54  0.0000000E+00
           1          75          55  0.0000000E+00
           1          76          54  0.0000000E+00
           1          76          55  0.0000000E+00
           1          77          53  0.0000000E+00
           1          77          54  0.0000000E+00
           1          78          53  0.0000000E+00
           1          78          54  0.0000000E+00
           1          78          55  0.0000000E+00
           1          79          55  0.0000000E+00
           1          79          56  0.0000000E+00
           1          80          56  0.0000000E+00
           1          81          56  0.0000000E+00
           1          82          56  0.0000000E+00
           1          83          56  0.0000000E+00
           1          84          53  0.0000000E+00
           1          84          54  0.0000000E+00
           1          84          55  0.0000000E+00
           1          84          56  0.0000000E+00
           1          85          53  0.0000000E+00
           1          85          54  0.0000000E+00
           1          85          55  0.0000000E+00
           1          86          53  0.0000000E+00
           1          86          54  0.0000000E+00
           1          87          54  0.0000000E+00
           1          87          55  0.0000000E+00
           1          88          55  0.0000000E+00
           1          88          56  0.0000000E+00
           1          88          57  0.0000000E+00
           1          89          57  0.0000000E+00
           1          90          56  0.0000000E+00
           1          90          57  0.0000000E+00
           1          91          54  0.0000000E+00
           1          91          55  0.0000000E+00
           1          91          56  0.0000000E+00
           1          92          54  0.0000000E+00
           1          93          54  0.0000000E+00
           1          93          55  0.0000000E+00
           1          93          56  0.0000000E+00
           1          93          57  0.0000000E+00
           1          94          57  0.0000000E+00
           1          94          58  0.0000000E+00
           1          95          56  0.0000000E+00
           1          95          57  0.0000000E+00
           1          96          56  0.0000000E+00
           1          96          57  0.0000000E+00
           1          97          54  0.0000000E+00
           1          97          55  0.0000000E+00
           1          97          57  0.0000000E+00
           1          97          58  0.0000000E+00
           1          98          54  0.0000000E+00
           1          98          55  0.0000000E+00
           1          98          56  0.0000000E+00
           1          98          57  0.0000000E+00
           1          98          58  0.0000000E+00
           1          99          54  0.0000000E+00
           1          99          55  0.0000000E+00
           1         100          54  0.0000000E+00
           1         100          55  0.0000000E+00
           1         101          55  0.0000000E+00
           1         101          56  0.0000000E+00
           1         101          57  0.0000000E+00
           1         102          57  0.0000000E+00
           1         102          58  0.0000000E+00
           1         103          58  0.0000000E+00
           1         103          59  0.0000000E+00
           1         104          58  0.0000000E+00
 
 Day:        1000
 Layer, Row, Column, Flow Rate
           1          25          17  -146747.5    
           1          25          18  -337714.3    
           1          26          18  -142904.1    
           1          26          19  -141642.6    
           1          27          19  -82019.80    
           1          27          20  -62033.90    
           1          28          20  -52330.52    
           1          28          21  -104117.3    
           1          29          21  -22282.55    
           1          29          22  -99592.35    
           1          30          22  -46523.35    
           1          31          22  -7202.982    
           1          31          23  -59634.40    
           1          32          22  -8494.427    
           1          32          23  -34447.32    
           1          33          22  -16267.43    
           1          34          22  -10644.14    
           1          34          23  -17646.72    
           1          35          23  -652.1647    
           1          35          24   832.5888    
           1          36          23   1338.585    
           1          36          24   2420.524    
           1          36          25   2078.330    
           1          36          26   2350.073    
           1          36          27   578.7117    
           1          37          27   2430.589    
           1          37          56   168.3521    
           1          37          57   1434.110    
           1          38          27   2314.847    
           1          38          55   2949.279    
           1          38          56   2812.103    
           1          39          27   2264.524    
           1          39          55   2743.354    
           1          40          25   1494.586    
           1          40          26   2284.653    
           1          40          27   156.0005    
           1          40          55   2967.811    
           1          41          25   1232.907    
           1          41          26   2420.524    
           1          41          27   1474.457    
           1          41          33   1029.113    
           1          41          53   2868.052    
           1          41          54   3061.334    
           1          41          55   673.3688    
           1          42          27   2324.911    
           1          42          33   1574.420    
           1          42          34   865.1111    
           1          42          52   2637.361    
           1          42          53   342.9193    
           1          43          27   639.0990    
           1          43          28   2078.330    
           1          43          34   2160.728    
           1          43          52   2687.240    
           1          44          28   1112.133    
           1          44          29   2345.040    
           1          44          30   1237.940    
           1          44          34   779.0099    
           1          44          35   1775.323    
           1          44          52   1471.435    
           1          44          53   1552.489    
           1          45          30   2611.751    
           1          45          35   1955.725    
           1          45          53   2737.119    
           1          46          30   2138.717    
           1          46          35   2263.229    
           1          46          51   2069.986    
           1          46          52   3279.555    
           1          46          53   467.6172    
           1          47          30   1952.523    
           1          47          31   2078.330    
           1          47          32   2385.299    
           1          47          35   1844.915    
           1          47          50   2387.965    
           1          47          51   1047.463    
           1          48          32   624.0022    
           1          48          33   1716.006    
           1          48          35   1242.243    
           1          48          36   959.3560    
           1          48          49   754.4224    
           1          48          50   2531.368    
           1          49          33   2727.493    
           1          49          34   432.7503    
           1          49          35   1569.978    
           1          49          36   7731.905    
           1          49          37   2000.708    
           1          49          38   311.5857    
           1          49          41   657.5244    
           1          49          42   1077.452    
           1          49          49   3354.374    
           1          50          34   2621.816    
           1          50          35   900.7773    
           1          50          36   790.0209    
           1          50          37   2264.391    
           1          50          38   8070.530    
           1          50          39   3477.749    
           1          50          40   3683.720    
           1          50          41   2994.508    
           1          50          42   3834.238    
           1          50          43   459.4748    
           1          50          49   3154.857    
           1          51          43   3485.671    
           1          51          48   910.2949    
           1          51          49   2238.328    
           1          52          43   4079.820    
           1          52          48   475.3188    
           1          52          49   1042.582    
           1          52          50   3123.104    
           1          53          43   3842.160    
           1          53          44   578.3045    
           1          53          47   1299.205    
           1          53          48   4602.670    
           1          53          50   610.1681    
           1          53          51   656.0411    
           1          54          44   3287.622    
           1          54          45   3271.778    
           1          54          46   4087.741    
           1          54          47   3176.714    
           1          54          51   248.9110    
           1          54          52   419.9795    
           1          55          52   197.5548    
           1          56          52   1164.315    
           1          56          53  -38.35742    
           1          56          54  -761.1096    
           1          57          53  -244.5364    
           1          57          54   3215.786    
           1          58          53  -252.5658    
           1          59          53  -217.4107    
           1          60          53  -144.7595    
           1          61          53   630.1000    
           1          61          54  -69.03857    
           1          61          55   1828.163    
           1          61          56   1369.783    
           1          62          56  -2910.910    
           1          63          56  -149.8825    
           1          63          57   2123.163    
           1          64          56   290.4220    
           1          64          57   808.1718    
           1          65          56   243.6851    
           1          66          56   292.1136    
           1          67          56   214.2150    
           1          68          56   585.6417    
           1          68          57   1041.035    
           1          69          57   687.8880    
           1          70          57   1191.711    
           1          70          58   699.7913    
           1          71          58   457.8595    
           1          72          58   683.5224    
           1          73          54   395.3126    
           1          73          55   388.5756    
           1          73          56   606.1635    
           1          73          57   739.7286    
           1          73          58   3164.198    
           1          74          54   647.7258    
           1          75          54   1808.113    
           1          75          55   4520.283    
           1          76          54   589.1909    
           1          76          55   3698.413    
           1          77          53   8218.695    
           1          77          54   1561.552    
           1          78          53   3849.089    
           1          78          54   472.2560    
           1          78          55   4931.217    
           1          79          55   2712.169    
           1          79          56   4068.254    
           1          80          56   714.3966    
           1          81          56   584.5494    
           1          82          56   566.7402    
           1          83          56   787.5607    
           1          84          53   260.2587    
           1          84          54   972.5457    
           1          84          55   872.4735    
           1          84          56   2246.443    
           1          85          53   591.1823    
           1          85          54   591.1164    
           1          85          55   2794.356    
           1          86          53   6191.417    
           1          86          54   767.0782    
           1          87          54   1102.172    
           1          87          55   767.0782    
           1          88          55   832.1339    
           1          88          56   5835.274    
           1          88          57   599.6688    
           1          89          57   760.1295    
           1          90          56   3739.507    
           1          90          57   3191.594    
           1          91          54   5150.382    
           1          91          55   761.5649    
           1          91          56   5602.411    
           1          92          54   6273.604    
           1          93          54   2451.911    
           1          93          55   957.6707    
           1          93          56   770.7136    
           1          93          57   6383.187    
           1          94          57   2684.774    
           1          94          58   4260.024    
           1          95          56   2547.796    
           1          95          57   6410.583    
           1          96          56   2671.076    
           1          96          57   1264.240    
           1          97          54   5807.878    
           1          97          55   1044.444    
           1          97          57   1054.733    
           1          97          58   4780.542    
           1          98          54   6246.208    
           1          98          55   4588.771    
           1          98          56   906.3002    
           1          98          57   1358.147    
           1          98          58   1342.387    
           1          99          54   4520.283    
           1          99          55   2164.257    
           1         100          54   739.6826    
           1         100          55   962.2829    
           1         101          55   3342.270    
           1         101          56   6465.374    
           1         101          57   3492.946    
           1         102          57   3246.385    
           1         102          58   5917.461    
           1         103          58   6684.539    
           1         103          59   493.1217    
           1         104          58   4643.563    
 
 Day:        2000
 Layer, Row, Column, Flow Rate
           1          25          17  -119052.8    
           1          25          18  -291461.1    
           1          26          18  -114212.0    
           1          26          19  -134938.4    
           1          27          19  -67826.06    
           1          27          20  -64393.58    
           1          28          20  -43222.73    
           1          28          21  -117631.2    
           1          29          21  -17231.80    
           1          29          22  -128897.0    
           1          30          22  -57402.23    
           1          31          22  -5903.171    
           1          31          23  -102184.0    
           1          32          22  -6718.416    
           1          32          23  -66505.54    
           1          33          22  -16346.65    
           1          34          22  -7317.793    
           1          34          23  -38546.38    
           1          35          23  -6212.478    
           1          35          24  -42149.55    
           1          36          23   2213.693    
           1          36          24  -1630.039    
           1          36          25  -25601.18    
           1          36          26  -58805.12    
           1          36          27  -87878.83    
           1          37          27  -63431.39    
           1          37          56  -63002.04    
           1          37          57  -202486.3    
           1          38          27  -33254.76    
           1          38          55  -159829.8    
           1          38          56  -74680.29    
           1          39          27  -19444.80    
           1          39          55  -62917.46    
           1          40          25   2471.680    
           1          40          26   3778.258    
           1          40          27   257.9868    
           1          40          55  -37426.89    
           1          41          25   2038.928    
           1          41          26   4002.956    
           1          41          27   2438.391    
           1          41          33  -108098.1    
           1          41          53  -107377.1    
           1          41          54  -33852.46    
           1          41          55  -2403.818    
           1          42          27   3844.836    
           1          42          33  -17241.01    
           1          42          34  -61597.20    
           1          42          52  -22068.28    
           1          42          53   567.1381    
           1          43          27   1056.914    
           1          43          28   3437.050    
           1          43          34  -18096.05    
           1          43          52  -11995.37    
           1          44          28   1839.196    
           1          44          29   3878.124    
           1          44          30   2047.250    
           1          44          34  -827.4370    
           1          44          35  -28523.75    
           1          44          52  -16681.73    
           1          44          53   90.87886    
           1          45          30   4319.198    
           1          45          35  -2795.282    
           1          45          53   919.7654    
           1          46          30   3536.916    
           1          46          35  -630.2646    
           1          46          51  -7052.096    
           1          46          52   1339.971    
           1          46          53   773.3701    
           1          47          30   3228.996    
           1          47          31   3437.050    
           1          47          32   3944.702    
           1          47          35  -791.4824    
           1          47          50  -2978.484    
           1          47          51   1732.349    
           1          48          32   1031.947    
           1          48          33   2837.855    
           1          48          35  -93.34661    
           1          48          36   1586.634    
           1          48          49   1247.704    
           1          48          50   4186.510    
           1          49          33   4510.608    
           1          49          34   715.7053    
           1          49          35   2596.512    
           1          49          36   543.7645    
           1          49          37   277.8603    
           1          49          38   515.3170    
           1          49          41  -2424.517    
           1          49          42   1781.843    
           1          49          49   853.2776    
           1          50          34   4335.843    
           1          50          35   1489.666    
           1          50          36   1306.578    
           1          50          37   3744.969    
           1          50          38   790.4960    
           1          50          39   534.6425    
           1          50          40   428.4657    
           1          50          41   330.8281    
           1          50          42  -1762.295    
           1          50          43   759.9037    
           1          50          49   3719.917    
           1          51          43  -310.7148    
           1          51          48   1505.494    
           1          51          49   712.0292    
           1          52          43   132.1860    
           1          52          48   786.1074    
           1          52          49  -12.25818    
           1          52          50  -220.6542    
           1          53          43   773.0840    
           1          53          44   956.4306    
           1          53          47   451.7276    
           1          53          48   240.0231    
           1          53          50   96.91347    
           1          53          51   185.4126    
           1          54          44   5437.243    
           1          54          45   5411.039    
           1          54          46   964.0259    
           1          54          47   379.4590    
           1          54          51  -74.63925    
           1          54          52   118.4907    
           1          55          52  -165.8298    
           1          56          52   335.6171    
           1          56          53  -252.5526    
           1          56          54  -2642.282    
           1          57          53  -417.8420    
           1          57          54   951.9604    
           1          58          53  -487.3255    
           1          59          53  -496.9467    
           1          60          53  -639.6277    
           1          61          53  -237.5101    
           1          61          54  -326.9546    
           1          61          55  -1875.716    
           1          61          56   2265.419    
           1          62          56  -10716.25    
           1          63          56  -260.4441    
           1          63          57  -2580.707    
           1          64          56   89.13489    
           1          64          57   577.9028    
           1          65          56  -3.501314    
           1          66          56   83.09013    
           1          67          56   14.99100    
           1          68          56   223.7387    
           1          68          57   220.8682    
           1          69          57   149.8544    
           1          70          57   477.2931    
           1          70          58   371.4445    
           1          71          58   332.4619    
           1          72          58   441.9076    
           1          73          54   269.0431    
           1          73          55   179.7809    
           1          73          56   433.3236    
           1          73          57   435.5819    
           1          73          58   382.8505    
           1          74          54   323.0892    
           1          75          54   50.17661    
           1          75          55   364.9746    
           1          76          54   98.68876    
           1          76          55   447.1125    
           1          77          53   4837.769    
           1          77          54   77.06189    
           1          78          53   597.0305    
           1          78          54   154.9276    
           1          78          55   285.0471    
           1          79          55   370.8701    
           1          79          56   436.6101    
           1          80          56   453.2004    
           1          81          56   452.8225    
           1          82          56   416.9031    
           1          83          56   368.4788    
           1          84          53   430.4296    
           1          84          54   1608.447    
           1          84          55   110.4118    
           1          84          56   557.2900    
           1          85          53   388.6578    
           1          85          54  -63.86673    
           1          85          55   664.7417    
           1          86          53   539.7276    
           1          86          54   1268.635    
           1          87          54   362.1086    
           1          87          55   1268.635    
           1          88          55   315.5837    
           1          88          56   375.8727    
           1          88          57   409.4052    
           1          89          57   227.0858    
           1          90          56   174.4142    
           1          90          57   719.2072    
           1          91          54   159.6842    
           1          91          55   379.5960    
           1          91          56   439.0233    
           1          92          54   419.6720    
           1          93          54   564.8292    
           1          93          55   499.9525    
           1          93          56   435.4979    
           1          93          57   496.8072    
           1          94          57  -37.90788    
           1          94          58   1371.234    
           1          95          56   546.4241    
           1          95          57   336.1526    
           1          96          56   440.9417    
           1          96          57   349.3561    
           1          97          54   7417.312    
           1          97          55   466.5288    
           1          97          57   1744.373    
           1          97          58   814.3432    
           1          98          54   1406.735    
           1          98          55  -33.64536    
           1          98          56   349.8275    
           1          98          57   434.7871    
           1          98          58   738.2419    
           1          99          54   20.81784    
           1          99          55  -13.48197    
           1         100          54   1223.326    
           1         100          55  -85.31123    
           1         101          55   1947.534    
           1         101          56   708.4028    
           1         101          57   563.8234    
           1         102          57   1081.661    
           1         102          58   514.4622    
           1         103          58   1160.697    
           1         103          59   815.5508    
           1         104          58   829.6056    
 
 Day:        3000
 Layer, Row, Column, Flow Rate
           1          25          17  -89982.30    
           1          25          18  -223149.7    
           1          26          18  -85955.55    
           1          26          19  -103562.3    
           1          27          19  -50438.45    
           1          27          20  -49387.27    
           1          28          20  -32053.04    
           1          28          21  -89922.11    
           1          29          21  -12073.56    
           1          29          22  -96882.78    
           1          30          22  -43580.81    
           1          31          22  -4061.641    
           1          31          23  -74316.92    
           1          32          22  -5274.206    
           1          32          23  -49545.48    
           1          33          22  -10601.34    
           1          34          22  -4796.349    
           1          34          23  -29759.66    
           1          35          23  -4710.334    
           1          35          24  -30613.39    
           1          36          23   2162.318    
           1          36          24  -3561.529    
           1          36          25  -21047.13    
           1          36          26  -44290.74    
           1          36          27  -64009.77    
           1          37          27  -48316.72    
           1          37          56  -58184.87    
           1          37          57  -229959.8    
           1          38          27  -27509.11    
           1          38          55  -137464.6    
           1          38          56  -90167.91    
           1          39          27  -20408.93    
           1          39          55  -62423.28    
           1          40          25   2322.798    
           1          40          26  -7766.133    
           1          40          27  -1765.308    
           1          40          55  -46017.94    
           1          41          25   1991.609    
           1          41          26  -4241.408    
           1          41          27  -11837.29    
           1          41          33  -90228.02    
           1          41          53  -91725.39    
           1          41          54  -35796.80    
           1          41          55  -15233.43    
           1          42          27  -1682.437    
           1          42          33  -16613.86    
           1          42          34  -58437.03    
           1          42          52  -19313.58    
           1          42          53  -1590.202    
           1          43          27   1032.385    
           1          43          28   375.3601    
           1          43          34  -20757.21    
           1          43          52  -11261.57    
           1          44          28   1796.512    
           1          44          29  -8316.981    
           1          44          30  -3827.776    
           1          44          34  -1149.342    
           1          44          35  -44355.12    
           1          44          52  -16748.43    
           1          44          53  -1643.676    
           1          45          30  -7539.305    
           1          45          35  -7115.795    
           1          45          53  -1882.203    
           1          46          30  -6430.405    
           1          46          35  -3150.783    
           1          46          51  -7380.002    
           1          46          52  -851.6705    
           1          46          53  -414.9298    
           1          47          30  -3437.218    
           1          47          31  -6054.493    
           1          47          32   1529.474    
           1          47          35  -2528.709    
           1          47          50  -5997.352    
           1          47          51   1692.083    
           1          48          32  -3567.734    
           1          48          33   2771.994    
           1          48          35  -400.7747    
           1          48          36  -5694.875    
           1          48          49  -5620.701    
           1          48          50   1306.620    
           1          49          33  -10725.28    
           1          49          34  -478.7556    
           1          49          35  -53.31340    
           1          49          36  -55.99787    
           1          49          37  -4338.306    
           1          49          38  -6306.035    
           1          49          41  -33101.60    
           1          49          42  -29986.72    
           1          49          49  -1897.951    
           1          50          34   2793.793    
           1          50          35   1455.094    
           1          50          36   1276.209    
           1          50          37   1273.208    
           1          50          38   203.8429    
           1          50          39  -1378.082    
           1          50          40  -1114.144    
           1          50          41  -328.6521    
           1          50          42  -9646.988    
           1          50          43  -19393.76    
           1          50          49  -191.2917    
           1          51          43  -19119.31    
           1          51          48  -3909.385    
           1          51          49  -407.0146    
           1          52          43  -3877.825    
           1          52          48  -2065.593    
           1          52          49  -233.5228    
           1          52          50  -1380.757    
           1          53          43   430.4994    
           1          53          44  -1303.327    
           1          53          47  -2687.847    
           1          53          48  -17.11651    
           1          53          50  -56.41433    
           1          53          51  -7.461179    
           1          54          44   5310.862    
           1          54          45   5285.268    
           1          54          46  -235.2864    
           1          54          47   148.7264    
           1          54          51  -93.07809    
           1          54          52   10.87491    
           1          55          52  -165.1366    
           1          56          52   103.0310    
           1          56          53  -271.3536    
           1          56          54  -2834.713    
           1          57          53  -523.1622    
           1          57          54   2814.218    
           1          58          53  -460.6163    
           1          59          53  -342.6720    
           1          60          53  -257.4947    
           1          61          53  -284.7552    
           1          61          54  -233.5449    
           1          61          55  -553.6999    
           1          61          56   2212.763    
           1          62          56  -9392.429    
           1          63          56  -268.6714    
           1          63          57  -2226.439    
           1          64          56   61.32185    
           1          64          57   400.8715    
           1          65          56  -60.23568    
           1          66          56   25.24594    
           1          67          56  -67.79786    
           1          68          56   152.1177    
           1          68          57   126.2142    
           1          69          57   85.57416    
           1          70          57   352.1133    
           1          70          58   295.2542    
           1          71          58   231.2091    
           1          72          58   341.7844    
           1          73          54   140.7449    
           1          73          55   66.28174    
           1          73          56   316.3688    
           1          73          57   344.7046    
           1          73          58   321.9846    
           1          74          54   231.4317    
           1          75          54   37.40282    
           1          75          55   254.0030    
           1          76          54   93.82299    
           1          76          55   371.3640    
           1          77          53   4834.422    
           1          77          54   23.89894    
           1          78          53   587.9327    
           1          78          54   93.12170    
           1          78          55   200.6297    
           1          79          55   243.4519    
           1          79          56   358.8553    
           1          80          56   337.1158    
           1          81          56   343.1045    
           1          82          56   322.4432    
           1          83          56   275.4021    
           1          84          53   420.4249    
           1          84          54   310.2729    
           1          84          55  -8.047776    
           1          84          56   460.7290    
           1          85          53   225.0863    
           1          85          54  -170.1390    
           1          85          55   480.6845    
           1          86          53   432.6739    
           1          86          54   101.0490    
           1          87          54   169.8369    
           1          87          55   353.1609    
           1          88          55   135.9391    
           1          88          56   252.4273    
           1          88          57   339.0625    
           1          89          57   159.8890    
           1          90          56   56.54444    
           1          90          57   630.7889    
           1          91          54   142.9581    
           1          91          55   217.9617    
           1          91          56   281.5620    
           1          92          54   294.4109    
           1          93          54   468.7426    
           1          93          55   324.9989    
           1          93          56   240.5449    
           1          93          57   358.8692    
           1          94          57  -150.4582    
           1          94          58   1158.552    
           1          95          56   345.3083    
           1          95          57   256.9232    
           1          96          56   202.9155    
           1          96          57   242.6889    
           1          97          54   5191.901    
           1          97          55   227.1997    
           1          97          57  -56.48022    
           1          97          58   623.1597    
           1          98          54  -232.9036    
           1          98          55  -36.12272    
           1          98          56   188.0503    
           1          98          57   333.9227    
           1          98          58   654.3290    
           1          99          54  -109.0235    
           1          99          55  -36.81551    
           1         100          54   248.8252    
           1         100          55  -237.1289    
           1         101          55   1593.031    
           1         101          56   349.9247    
           1         101          57   369.2943    
           1         102          57   577.9042    
           1         102          58   300.5772    
           1         103          58   635.2088    
           1         103          59   796.5946    
           1         104          58   376.9744    
 
 Day:        4000
 Layer, Row, Column, Flow Rate
           1          25          17  -164925.3    
           1          25          18  -398894.8    
           1          26          18  -161734.7    
           1          26          19  -183179.9    
           1          27          19  -99035.09    
           1          27          20  -86317.59    
           1          28          20  -68245.44    
           1          28          21  -157231.2    
           1          29          21  -31426.71    
           1          29          22  -174314.5    
           1          30          22  -83078.47    
           1          31          22  -11427.00    
           1          31          23  -141990.3    
           1          32          22  -12021.85    
           1          32          23  -93673.70    
           1          33          22  -32263.21    
           1          34          22  -15983.23    
           1          34          23  -53979.72    
           1          35          23  -12342.86    
           1          35          24  -61780.22    
           1          36          23   3346.306    
           1          36          24  -10826.48    
           1          36          25  -40111.90    
           1          36          26  -83137.92    
           1          36          27  -120061.9    
           1          37          27  -89465.70    
           1          37          56  -110591.9    
           1          37          57  -449686.7    
           1          38          27  -52979.99    
           1          38          55  -264751.3    
           1          38          56  -182269.4    
           1          39          27  -42668.36    
           1          39          55  -122516.0    
           1          40          25  -230.1430    
           1          40          26  -12445.21    
           1          40          27  -7152.032    
           1          40          55  -97420.55    
           1          41          25   3082.124    
           1          41          26  -6264.365    
           1          41          27  -25138.37    
           1          41          33  -168806.3    
           1          41          53  -174527.5    
           1          41          54  -79857.88    
           1          41          55  -50766.98    
           1          42          27  -6136.509    
           1          42          33  -32036.73    
           1          42          34  -111653.2    
           1          42          52  -37646.87    
           1          42          53  -4256.280    
           1          43          27   1597.672    
           1          43          28  -10095.18    
           1          43          34  -38572.03    
           1          43          52  -23470.45    
           1          44          28   2780.202    
           1          44          29  -16846.33    
           1          44          30  -15706.13    
           1          44          34  -4268.240    
           1          44          35  -84223.19    
           1          44          52  -32609.08    
           1          44          53  -5221.793    
           1          45          30  -13175.93    
           1          45          35  -14121.17    
           1          45          53  -6137.105    
           1          46          30  -10934.08    
           1          46          35  -6779.012    
           1          46          51  -14287.79    
           1          46          52  -2951.504    
           1          46          53  -18617.98    
           1          47          30  -7313.954    
           1          47          31  -10940.10    
           1          47          32  -6695.912    
           1          47          35  -5863.868    
           1          47          50  -11661.43    
           1          47          51  -3715.686    
           1          48          32  -6287.643    
           1          48          33   2581.180    
           1          48          35  -1350.463    
           1          48          36  -11933.02    
           1          48          49  -10622.67    
           1          48          50  -476.7461    
           1          49          33  -15693.15    
           1          49          34  -831.8735    
           1          49          35  -229.5768    
           1          49          36  -249.9088    
           1          49          37  -8807.566    
           1          49          38  -12306.20    
           1          49          41  -61098.03    
           1          49          42  -73563.88    
           1          49          49  -3969.022    
           1          50          34   994.7337    
           1          50          35   1943.297    
           1          50          36   1300.591    
           1          50          37  -121.5903    
           1          50          38  -169.8062    
           1          50          39  -2972.721    
           1          50          40  -2574.624    
           1          50          41  -927.7460    
           1          50          42  -15762.21    
           1          50          43  -42629.00    
           1          50          49  -3472.916    
           1          51          43  -34822.46    
           1          51          48  -7500.472    
           1          51          49  -1575.292    
           1          52          43  -6972.484    
           1          52          48  -3789.726    
           1          52          49  -349.0641    
           1          52          50  -3699.235    
           1          53          43   145.0326    
           1          53          44  -2565.490    
           1          53          47  -4969.818    
           1          53          48  -239.6926    
           1          53          50  -249.0328    
           1          53          51  -661.4164    
           1          54          44   8219.150    
           1          54          45   51.28864    
           1          54          46  -963.4400    
           1          54          47  -212.0058    
           1          54          51  -366.0544    
           1          54          52  -651.5966    
           1          55          52  -501.1564    
           1          56          52  -567.5668    
           1          56          53  -460.5078    
           1          56          54  -6572.541    
           1          57          53  -767.6595    
           1          57          54  -895.3528    
           1          58          53  -931.5325    
           1          59          53  -1040.350    
           1          60          53  -1524.457    
           1          61          53  -678.0649    
           1          61          54  -413.5261    
           1          61          55  -2278.546    
           1          61          56   3424.497    
           1          62          56  -12278.67    
           1          63          56  -344.3982    
           1          63          57  -3404.459    
           1          64          56  -14.30611    
           1          64          57  -113.3245    
           1          65          56  -420.9960    
           1          66          56  -507.6573    
           1          67          56  -843.1625    
           1          68          56  -873.1299    
           1          68          57   18.39509    
           1          69          57  -97.82536    
           1          70          57   236.6772    
           1          70          58   212.3189    
           1          71          58   133.2787    
           1          72          58   243.2531    
           1          73          54  -1277.969    
           1          73          55  -40.09845    
           1          73          56   185.9578    
           1          73          57   223.4519    
           1          73          58   235.1772    
           1          74          54  -293.5330    
           1          75          54  -49.93898    
           1          75          55   149.0679    
           1          76          54   23.88121    
           1          76          55   261.7375    
           1          77          53   3029.164    
           1          77          54  -45.69145    
           1          78          53   497.1206    
           1          78          54   21.07150    
           1          78          55   94.36618    
           1          79          55   134.7266    
           1          79          56   249.5612    
           1          80          56   226.6262    
           1          81          56   231.5861    
           1          82          56   211.4242    
           1          83          56   168.8324    
           1          84          53   650.6544    
           1          84          54   164.3565    
           1          84          55  -86.10068    
           1          84          56   352.4785    
           1          85          53   23.87414    
           1          85          54  -209.2504    
           1          85          55   349.4398    
           1          86          53   208.1408    
           1          86          54   16.22615    
           1          87          54  -194.9261    
           1          87          55   220.1635    
           1          88          55  -254.6733    
           1          88          56   84.44771    
           1          88          57   238.3257    
           1          89          57   5.906338    
           1          90          56  -331.9350    
           1          90          57   514.8124    
           1          91          54  -126.8358    
           1          91          55   64.83265    
           1          91          56   154.4883    
           1          92          54   92.93096    
           1          93          54   82.19791    
           1          93          55   180.5783    
           1          93          56   99.66881    
           1          93          57   225.4084    
           1          94          57  -243.8253    
           1          94          58   971.9356    
           1          95          56   185.1412    
           1          95          57   157.4016    
           1          96          56   57.51098    
           1          96          57   144.9440    
           1          97          54   4080.115    
           1          97          55   80.29782    
           1          97          57  -142.7563    
           1          97          58   461.9570    
           1          98          54  -1040.194    
           1          98          55  -79.83115    
           1          98          56  -21.17188    
           1          98          57   43.17941    
           1          98          58  -9.577421    
           1          99          54  -191.4350    
           1          99          55  -154.3611    
           1         100          54   116.8264    
           1         100          55  -346.1221    
           1         101          55   1375.466    
           1         101          56   109.7551    
           1         101          57   169.6766    
           1         102          57   259.0083    
           1         102          58   62.09914    
           1         103          58   288.2567    
           1         103          59   408.5993    
           1         104          58   32.65218    
 
 Day:        5000
 Layer, Row, Column, Flow Rate
           1          25          17  -153059.2    
           1          25          18  -396650.2    
           1          26          18  -178681.6    
           1          26          19  -195474.5    
           1          27          19  -123478.6    
           1          27          20  -87793.65    
           1          28          20  -136341.9    
           1          28          21  -179501.1    
           1          29          21  -86927.52    
           1          29          22  -231928.8    
           1          30          22  -160027.6    
           1          31          22  -33398.27    
           1          31          23  -210208.6    
           1          32          22  -37955.40    
           1          32          23  -163606.7    
           1          33          22  -102820.1    
           1          34          22  -56520.76    
           1          34          23  -101424.2    
           1          35          23  -36985.93    
           1          35          24  -115210.2    
           1          36          23   9431.527    
           1          36          24  -35806.62    
           1          36          25  -78319.79    
           1          36          26  -115746.1    
           1          36          27  -127086.6    
           1          37          27  -86603.53    
           1          37          56  -103934.1    
           1          37          57  -413529.2    
           1          38          27  -55973.73    
           1          38          55  -275367.8    
           1          38          56  -197688.0    
           1          39          27  -62794.21    
           1          39          55  -149065.3    
           1          40          25   138.3657    
           1          40          26  -23539.78    
           1          40          27  -16568.28    
           1          40          55  -142372.2    
           1          41          25   8686.934    
           1          41          26  -7373.411    
           1          41          27  -53553.42    
           1          41          33  -181866.6    
           1          41          53  -182190.9    
           1          41          54  -139937.3    
           1          41          55  -122047.3    
           1          42          27  -14526.28    
           1          42          33  -77587.90    
           1          42          34  -130811.7    
           1          42          52  -40550.91    
           1          42          53  -7285.887    
           1          43          27   4503.022    
           1          43          28  -25317.69    
           1          43          34  -57369.34    
           1          43          52  -27327.64    
           1          44          28   7835.968    
           1          44          29  -32576.46    
           1          44          30  -80968.42    
           1          44          34  -36732.20    
           1          44          35  -99560.06    
           1          44          52  -27818.09    
           1          44          53  -6606.670    
           1          45          30  -53482.18    
           1          45          35  -28007.13    
           1          45          53  -6574.505    
           1          46          30  -35971.56    
           1          46          35  -18337.59    
           1          46          51  -9573.422    
           1          46          52  -2521.869    
           1          46          53  -24047.04    
           1          47          30  -11008.66    
           1          47          31  -37661.10    
           1          47          32  -75799.91    
           1          47          35  -25746.43    
           1          47          50  -7827.588    
           1          47          51  -23192.73    
           1          48          32  -11546.48    
           1          48          33  -55713.40    
           1          48          35  -12616.00    
           1          48          36  -17435.14    
           1          48          49  -8380.365    
           1          48          50  -8149.338    
           1          49          33  -22784.77    
           1          49          34  -3009.877    
           1          49          35   70.24779    
           1          49          36  -483.2322    
           1          49          37  -11907.44    
           1          49          38  -18245.69    
           1          49          41  -80533.90    
           1          49          42  -125424.0    
           1          49          49  -2803.038    
           1          50          34   1044.222    
           1          50          35   1932.694    
           1          50          36   1321.128    
           1          50          37  -24.19852    
           1          50          38  -2133.499    
           1          50          39  -2798.396    
           1          50          40  -4769.359    
           1          50          41  -7354.893    
           1          50          42  -29085.78    
           1          50          43  -67898.52    
           1          50          49  -8400.197    
           1          51          43  -39254.57    
           1          51          48  -5540.035    
           1          51          49  -3150.743    
           1          52          43  -6082.059    
           1          52          48  -5639.282    
           1          52          49  -296.2938    
           1          52          50  -5785.150    
           1          53          43   246.2184    
           1          53          44  -4446.626    
           1          53          47  -4130.205    
           1          53          48  -155.5134    
           1          53          50  -142.3239    
           1          53          51  -642.9326    
           1          54          44  -9560.848    
           1          54          45  -13787.73    
           1          54          46  -3169.065    
           1          54          47  -1787.760    
           1          54          51  -400.1119    
           1          54          52  -534.7743    
           1          55          52  -455.9841    
           1          56          52  -2499.940    
           1          56          53  -272.7651    
           1          56          54  -27269.87    
           1          57          53  -1766.582    
           1          57          54  -36571.54    
           1          58          53  -3691.047    
           1          59          53  -5760.729    
           1          60          53  -10678.20    
           1          61          53  -2406.731    
           1          61          54  -968.6830    
           1          61          55  -12729.32    
           1          61          56  -9647.492    
           1          62          56  -29444.41    
           1          63          56  -261.2846    
           1          63          57  -9642.067    
           1          64          56  -20.58461    
           1          64          57  -683.6124    
           1          65          56  -308.6266    
           1          66          56  -297.7144    
           1          67          56  -504.9164    
           1          68          56  -742.9216    
           1          68          57   230.1775    
           1          69          57  -3.787075    
           1          70          57   140.0284    
           1          70          58   522.9392    
           1          71          58   418.9522    
           1          72          58   559.7832    
           1          73          54  -1016.044    
           1          73          55  -32.83760    
           1          73          56   427.8617    
           1          73          57   519.3591    
           1          73          58   545.8895    
           1          74          54   67.46111    
           1          75          54   249.5542    
           1          75          55   445.9205    
           1          76          54   351.4393    
           1          76          55   547.7236    
           1          77          53   3556.069    
           1          77          54   252.3542    
           1          78          53   748.5790    
           1          78          54   320.1802    
           1          78          55   394.1436    
           1          79          55   428.1209    
           1          79          56   537.8567    
           1          80          56   529.3051    
           1          81          56   528.0647    
           1          82          56   500.0087    
           1          83          56   456.1159    
           1          84          53   537.2731    
           1          84          54   374.1468    
           1          84          55   203.9013    
           1          84          56   613.6602    
           1          85          53   311.5218    
           1          85          54   85.40648    
           1          85          55   610.7634    
           1          86          53   486.3660    
           1          86          54   260.9144    
           1          87          54   277.7032    
           1          87          55   448.7961    
           1          88          55   224.9528    
           1          88          56   396.5696    
           1          88          57   504.2742    
           1          89          57   322.4108    
           1          90          56   158.4615    
           1          90          57   766.5440    
           1          91          54   224.7735    
           1          91          55   308.1867    
           1          91          56   416.1939    
           1          92          54   390.5050    
           1          93          54   533.6663    
           1          93          55   426.4331    
           1          93          56   373.4957    
           1          93          57   501.6351    
           1          94          57   59.09933    
           1          94          58   1220.553    
           1          95          56   440.1167    
           1          95          57   452.6018    
           1          96          56   331.6816    
           1          96          57   447.3983    
           1          97          54   4876.507    
           1          97          55   358.7776    
           1          97          57   151.6159    
           1          97          58   726.2762    
           1          98          54  -423.2862    
           1          98          55   247.8568    
           1          98          56   325.3973    
           1          98          57   457.7354    
           1          98          58   621.9442    
           1          99          54   145.3178    
           1          99          55   163.6794    
           1         100          54   418.5975    
           1         100          55  -53.11488    
           1         101          55   1687.620    
           1         101          56   374.7889    
           1         101          57   372.9608    
           1         102          57   563.5060    
           1         102          58   293.6836    
           1         103          58   652.0798    
           1         103          59   573.9825    
           1         104          58   323.4351    
 
 Day:        6000
 Layer, Row, Column, Flow Rate
           1          25          17  -148242.8    
           1          25          18  -368508.1    
           1          26          18  -159188.4    
           1          26          19  -178551.0    
           1          27          19  -109981.8    
           1          27          20  -85370.42    
           1          28          20  -94060.56    
           1          28          21  -159974.6    
           1          29          21  -51982.49    
           1          29          22  -176453.8    
           1          30          22  -103096.8    
           1          31          22  -20420.27    
           1          31          23  -148913.8    
           1          32          22  -22397.38    
           1          32          23  -107220.5    
           1          33          22  -59495.49    
           1          34          22  -32721.47    
           1          34          23  -64387.49    
           1          35          23  -19576.24    
           1          35          24  -70539.98    
           1          36          23   3346.306    
           1          36          24  -16311.16    
           1          36          25  -46644.14    
           1          36          26  -81682.33    
           1          36          27  -104175.0    
           1          37          27  -75472.81    
           1          37          56  -84934.21    
           1          37          57  -339359.8    
           1          38          27  -46163.88    
           1          38          55  -214579.5    
           1          38          56  -149035.8    
           1          39          27  -42151.57    
           1          39          55  -107697.7    
           1          40          25  -213.7014    
           1          40          26  -14907.84    
           1          40          27  -8337.926    
           1          40          55  -95039.26    
           1          41          25   3082.124    
           1          41          26  -6365.065    
           1          41          27  -29666.08    
           1          41          33  -139804.7    
           1          41          53  -143958.4    
           1          41          54  -87504.23    
           1          41          55  -66506.82    
           1          42          27  -7773.302    
           1          42          33  -41208.29    
           1          42          34  -89925.23    
           1          42          52  -32059.87    
           1          42          53  -4775.952    
           1          43          27   1597.672    
           1          43          28  -13920.20    
           1          43          34  -36303.79    
           1          43          52  -21466.62    
           1          44          28   2780.202    
           1          44          29  -21507.71    
           1          44          30  -33046.64    
           1          44          34  -13316.96    
           1          44          35  -69206.17    
           1          44          52  -25260.99    
           1          44          53  -5247.738    
           1          45          30  -24768.47    
           1          45          35  -15584.90    
           1          45          53  -5699.590    
           1          46          30  -18613.87    
           1          46          35  -9397.772    
           1          46          51  -10360.09    
           1          46          52  -2851.401    
           1          46          53  -20107.07    
           1          47          30  -9461.950    
           1          47          31  -20004.49    
           1          47          32  -28819.89    
           1          47          35  -10981.37    
           1          47          50  -8506.258    
           1          47          51  -12547.67    
           1          48          32  -8871.380    
           1          48          33  -15662.33    
           1          48          35  -4387.033    
           1          48          36  -11218.66    
           1          48          49  -7900.433    
           1          48          50  -5073.815    
           1          49          33  -19859.81    
           1          49          34  -1653.443    
           1          49          35  -291.3298    
           1          49          36  -278.9990    
           1          49          37  -7904.604    
           1          49          38  -10455.07    
           1          49          41  -53513.02    
           1          49          42  -68516.71    
           1          49          49  -3401.855    
           1          50          34  -469.8656    
           1          50          35   994.6091    
           1          50          36   378.8761    
           1          50          37  -1160.329    
           1          50          38  -388.7993    
           1          50          39  -2567.640    
           1          50          40  -2415.963    
           1          50          41  -975.6203    
           1          50          42  -16967.73    
           1          50          43  -40454.71    
           1          50          49  -7057.115    
           1          51          43  -30629.46    
           1          51          48  -5870.781    
           1          51          49  -3116.863    
           1          52          43  -6058.430    
           1          52          48  -2990.332    
           1          52          49  -510.2032    
           1          52          50  -6374.906    
           1          53          43  -332.5767    
           1          53          44  -2223.176    
           1          53          47  -3902.038    
           1          53          48  -645.9359    
           1          53          50  -679.2111    
           1          53          51  -1149.821    
           1          54          44  -8465.261    
           1          54          45  -10557.87    
           1          54          46  -1367.362    
           1          54          47  -1179.588    
           1          54          51  -884.0707    
           1          54          52  -1045.880    
           1          55          52  -913.8876    
           1          56          52  -2236.626    
           1          56          53  -684.3123    
           1          56          54  -18217.58    
           1          57          53  -1706.886    
           1          57          54  -13555.46    
           1          58          53  -2469.824    
           1          59          53  -3125.231    
           1          60          53  -4725.071    
           1          61          53  -2284.294    
           1          61          54  -1003.618    
           1          61          55  -9949.114    
           1          61          56  -7451.442    
           1          62          56  -30396.45    
           1          63          56  -637.0920    
           1          63          57  -12315.27    
           1          64          56  -433.9664    
           1          64          57  -3644.016    
           1          65          56  -1002.529    
           1          66          56  -957.6208    
           1          67          56  -1162.747    
           1          68          56  -1461.533    
           1          68          57  -240.1421    
           1          69          57  -477.9979    
           1          70          57  -365.0199    
           1          70          58   108.3858    
           1          71          58  -89.57783    
           1          72          58   47.89267    
           1          73          54  -988.0421    
           1          73          55  -452.4566    
           1          73          56  -169.8778    
           1          73          57  -8.696770    
           1          73          58   124.4881    
           1          74          54  -192.3265    
           1          75          54  -95.98151    
           1          75          55   13.60294    
           1          76          54  -23.83018    
           1          76          55   122.2882    
           1          77          53   893.5798    
           1          77          54  -110.1842    
           1          78          53   368.1035    
           1          78          54  -56.61876    
           1          78          55  -25.77938    
           1          79          55   5.633477    
           1          79          56   101.5905    
           1          80          56   85.28003    
           1          81          56   78.88273    
           1          82          56   60.93571    
           1          83          56   30.03805    
           1          84          53   219.2298    
           1          84          54   31.06324    
           1          84          55  -167.7324    
           1          84          56   205.8728    
           1          85          53  -44.34649    
           1          85          54  -235.9281    
           1          85          55   212.8720    
           1          86          53   141.3629    
           1          86          54  -54.39471    
           1          87          54  -55.58850    
           1          87          55   88.71638    
           1          88          55  -112.1904    
           1          88          56   17.20349    
           1          88          57   79.71410    
           1          89          57  -62.28640    
           1          90          56  -183.9373    
           1          90          57   371.8441    
           1          91          54  -92.05322    
           1          91          55  -41.62916    
           1          91          56   17.62155    
           1          92          54   41.16319    
           1          93          54   164.8374    
           1          93          55   25.53004    
           1          93          56  -33.49069    
           1          93          57   67.13565    
           1          94          57  -321.9286    
           1          94          58   730.9835    
           1          95          56   11.33961    
           1          95          57   58.62302    
           1          96          56  -68.77595    
           1          96          57   40.37690    
           1          97          54   2411.669    
           1          97          55  -49.04587    
           1          97          57  -200.8185    
           1          97          58   239.5497    
           1          98          54  -2032.832    
           1          98          55  -109.0859    
           1          98          56  -77.88045    
           1          98          57   40.74164    
           1          98          58   177.4855    
           1          99          54  -273.8495    
           1          99          55  -219.5178    
           1         100          54  -24.16538    
           1         100          55  -474.7491    
           1         101          55   1163.985    
           1         101          56  -145.7638    
           1         101          57  -142.8046    
           1         102          57  -33.37708    
           1         102          58  -240.0639    
           1         103          58   112.7598    
           1         103          59   102.9276    
           1         104          58  -287.2738    
