 MODFLOW River Stage (L) (for each River Cell)
 --Calculated from SWAT Channel Depth--
 
 Day:           1
 Channel depth, Cell Row, Cell Column
  0.0000000E+00          25          17
  0.0000000E+00          25          18
  0.0000000E+00          26          18
  0.0000000E+00          26          19
  0.0000000E+00          27          19
  0.0000000E+00          27          20
  0.0000000E+00          28          20
  0.0000000E+00          28          21
  0.0000000E+00          29          21
  0.0000000E+00          29          22
  0.0000000E+00          30          22
  0.0000000E+00          31          22
  0.0000000E+00          31          23
  0.0000000E+00          32          22
  0.0000000E+00          32          23
  0.0000000E+00          33          22
  0.0000000E+00          34          22
  0.0000000E+00          34          23
  0.0000000E+00          35          23
  0.0000000E+00          35          24
  0.0000000E+00          36          23
  0.0000000E+00          36          24
  0.0000000E+00          36          25
  0.0000000E+00          36          26
  0.0000000E+00          36          27
  0.0000000E+00          37          27
  0.0000000E+00          37          56
  0.0000000E+00          37          57
  0.0000000E+00          38          27
  0.0000000E+00          38          55
  0.0000000E+00          38          56
  0.0000000E+00          39          27
  0.0000000E+00          39          55
  0.0000000E+00          40          25
  0.0000000E+00          40          26
  0.0000000E+00          40          27
  0.0000000E+00          40          55
  0.0000000E+00          41          25
  0.0000000E+00          41          26
  0.0000000E+00          41          27
  0.0000000E+00          41          33
  0.0000000E+00          41          53
  0.0000000E+00          41          54
  0.0000000E+00          41          55
  0.0000000E+00          42          27
  0.0000000E+00          42          33
  0.0000000E+00          42          34
  0.0000000E+00          42          52
  0.0000000E+00          42          53
  0.0000000E+00          43          27
  0.0000000E+00          43          28
  0.0000000E+00          43          34
  0.0000000E+00          43          52
  0.0000000E+00          44          28
  0.0000000E+00          44          29
  0.0000000E+00          44          30
  0.0000000E+00          44          34
  0.0000000E+00          44          35
  0.0000000E+00          44          52
  0.0000000E+00          44          53
  0.0000000E+00          45          30
  0.0000000E+00          45          35
  0.0000000E+00          45          53
  0.0000000E+00          46          30
  0.0000000E+00          46          35
  0.0000000E+00          46          51
  0.0000000E+00          46          52
  0.0000000E+00          46          53
  0.0000000E+00          47          30
  0.0000000E+00          47          31
  0.0000000E+00          47          32
  0.0000000E+00          47          35
  0.0000000E+00          47          50
  0.0000000E+00          47          51
  0.0000000E+00          48          32
  0.0000000E+00          48          33
  0.0000000E+00          48          35
  0.0000000E+00          48          36
  0.0000000E+00          48          49
  0.0000000E+00          48          50
  0.0000000E+00          49          33
  0.0000000E+00          49          34
  0.0000000E+00          49          35
  0.0000000E+00          49          36
  0.0000000E+00          49          37
  0.0000000E+00          49          38
  0.0000000E+00          49          41
  0.0000000E+00          49          42
  0.0000000E+00          49          49
  0.0000000E+00          50          34
  0.0000000E+00          50          35
  0.0000000E+00          50          36
  0.0000000E+00          50          37
  0.0000000E+00          50          38
  0.0000000E+00          50          39
  0.0000000E+00          50          40
  0.0000000E+00          50          41
  0.0000000E+00          50          42
  0.0000000E+00          50          43
  0.0000000E+00          50          49
  0.0000000E+00          51          43
  0.0000000E+00          51          48
  0.0000000E+00          51          49
  0.0000000E+00          52          43
  0.0000000E+00          52          48
  0.0000000E+00          52          49
  0.0000000E+00          52          50
  0.0000000E+00          53          43
  0.0000000E+00          53          44
  0.0000000E+00          53          47
  0.0000000E+00          53          48
  0.0000000E+00          53          50
  0.0000000E+00          53          51
  0.0000000E+00          54          44
  0.0000000E+00          54          45
  0.0000000E+00          54          46
  0.0000000E+00          54          47
  0.0000000E+00          54          51
  0.0000000E+00          54          52
  0.0000000E+00          55          52
  0.0000000E+00          56          52
  0.0000000E+00          56          53
  0.0000000E+00          56          54
  0.0000000E+00          57          53
  0.0000000E+00          57          54
  0.0000000E+00          58          53
  0.0000000E+00          59          53
  0.0000000E+00          60          53
  0.0000000E+00          61          53
  0.0000000E+00          61          54
  0.0000000E+00          61          55
  0.0000000E+00          61          56
  0.0000000E+00          62          56
  0.0000000E+00          63          56
  0.0000000E+00          63          57
  0.0000000E+00          64          56
  0.0000000E+00          64          57
  0.0000000E+00          65          56
  0.0000000E+00          66          56
  0.0000000E+00          67          56
  0.0000000E+00          68          56
  0.0000000E+00          68          57
  0.0000000E+00          69          57
  0.0000000E+00          70          57
  0.0000000E+00          70          58
  0.0000000E+00          71          58
  0.0000000E+00          72          58
  0.0000000E+00          73          54
  0.0000000E+00          73          55
  0.0000000E+00          73          56
  0.0000000E+00          73          57
  0.0000000E+00          73          58
  0.0000000E+00          74          54
  0.0000000E+00          75          54
  0.0000000E+00          75          55
  0.0000000E+00          76          54
  0.0000000E+00          76          55
  0.0000000E+00          77          53
  0.0000000E+00          77          54
  0.0000000E+00          78          53
  0.0000000E+00          78          54
  0.0000000E+00          78          55
  0.0000000E+00          79          55
  0.0000000E+00          79          56
  0.0000000E+00          80          56
  0.0000000E+00          81          56
  0.0000000E+00          82          56
  0.0000000E+00          83          56
  0.0000000E+00          84          53
  0.0000000E+00          84          54
  0.0000000E+00          84          55
  0.0000000E+00          84          56
  0.0000000E+00          85          53
  0.0000000E+00          85          54
  0.0000000E+00          85          55
  0.0000000E+00          86          53
  0.0000000E+00          86          54
  0.0000000E+00          87          54
  0.0000000E+00          87          55
  0.0000000E+00          88          55
  0.0000000E+00          88          56
  0.0000000E+00          88          57
  0.0000000E+00          89          57
  0.0000000E+00          90          56
  0.0000000E+00          90          57
  0.0000000E+00          91          54
  0.0000000E+00          91          55
  0.0000000E+00          91          56
  0.0000000E+00          92          54
  0.0000000E+00          93          54
  0.0000000E+00          93          55
  0.0000000E+00          93          56
  0.0000000E+00          93          57
  0.0000000E+00          94          57
  0.0000000E+00          94          58
  0.0000000E+00          95          56
  0.0000000E+00          95          57
  0.0000000E+00          96          56
  0.0000000E+00          96          57
  0.0000000E+00          97          54
  0.0000000E+00          97          55
  0.0000000E+00          97          57
  0.0000000E+00          97          58
  0.0000000E+00          98          54
  0.0000000E+00          98          55
  0.0000000E+00          98          56
  0.0000000E+00          98          57
  0.0000000E+00          98          58
  0.0000000E+00          99          54
  0.0000000E+00          99          55
  0.0000000E+00         100          54
  0.0000000E+00         100          55
  0.0000000E+00         101          55
  0.0000000E+00         101          56
  0.0000000E+00         101          57
  0.0000000E+00         102          57
  0.0000000E+00         102          58
  0.0000000E+00         103          58
  0.0000000E+00         103          59
  0.0000000E+00         104          58
 
 Day:        1000
 Channel depth, Cell Row, Cell Column
  0.2600000              25          17
  0.2600000              25          18
  0.2600000              26          18
  0.2600000              26          19
  0.2600000              27          19
  0.2600000              27          20
  0.2600000              28          20
  0.2600000              28          21
  0.2600000              29          21
  0.2600000              29          22
  0.2600000              30          22
  0.2600000              31          22
  0.2600000              31          23
  0.2600000              32          22
  0.2600000              32          23
  0.2600000              33          22
  0.2600000              34          22
  0.2600000              34          23
  0.2600000              35          23
  0.2600000              35          24
  0.2600000              36          23
  0.2600000              36          24
  0.2600000              36          25
  0.2600000              36          26
  0.2600000              36          27
  0.2600000              37          27
  0.2600000              37          56
  0.2600000              37          57
  0.2600000              38          27
  0.2600000              38          55
  0.2600000              38          56
  0.2600000              39          27
  0.2600000              39          55
  0.2600000              40          25
  0.2600000              40          26
  0.2600000              40          27
  0.2600000              40          55
  0.2600000              41          25
  0.2600000              41          26
  0.2600000              41          27
  0.2600000              41          33
  0.2600000              41          53
  0.2600000              41          54
  0.2600000              41          55
  0.2600000              42          27
  0.2600000              42          33
  0.2600000              42          34
  0.2600000              42          52
  0.2600000              42          53
  0.2600000              43          27
  0.2600000              43          28
  0.2600000              43          34
  0.2600000              43          52
  0.2600000              44          28
  0.2600000              44          29
  0.2600000              44          30
  0.2600000              44          34
  0.2600000              44          35
  0.2600000              44          52
  0.2600000              44          53
  0.2600000              45          30
  0.2600000              45          35
  0.2600000              45          53
  0.2600000              46          30
  0.2600000              46          35
  0.2600000              46          51
  0.2600000              46          52
  0.2600000              46          53
  0.2600000              47          30
  0.2600000              47          31
  0.2600000              47          32
  0.2600000              47          35
  0.2600000              47          50
  0.2600000              47          51
  0.2600000              48          32
  0.2600000              48          33
  0.2600000              48          35
  0.2600000              48          36
  0.2600000              48          49
  0.2600000              48          50
  0.2600000              49          33
  0.2600000              49          34
  0.2600000              49          35
  0.2855253              49          36
  0.2600000              49          37
  0.2600000              49          38
  0.2600000              49          41
  0.2600000              49          42
  0.2600000              49          49
  0.2600000              50          34
  0.2600000              50          35
  0.2600000              50          36
  0.2600000              50          37
  0.1861422              50          38
  0.2600000              50          39
  0.2600000              50          40
  0.2600000              50          41
  0.2600000              50          42
  0.2600000              50          43
  0.2600000              50          49
  0.2600000              51          43
  0.2600000              51          48
  0.2600000              51          49
  0.2600000              52          43
  0.2600000              52          48
  0.1426740              52          49
  0.2600000              52          50
  0.2600000              53          43
  0.2600000              53          44
  0.2600000              53          47
  0.2600000              53          48
  0.2600000              53          50
  0.2600000              53          51
  0.2600000              54          44
  0.2600000              54          45
  0.2600000              54          46
  0.2600000              54          47
  0.2600000              54          51
  0.2600000              54          52
  0.2600000              55          52
  0.2600000              56          52
  0.2600000              56          53
  0.2600000              56          54
  0.2600000              57          53
  0.2600000              57          54
  0.2600000              58          53
  0.2600000              59          53
  0.2600000              60          53
  0.2600000              61          53
  0.2600000              61          54
  0.2600000              61          55
  0.2600000              61          56
  0.2600000              62          56
  0.2600000              63          56
  0.2600000              63          57
  0.2600000              64          56
  0.2600000              64          57
  0.2600000              65          56
  0.2600000              66          56
  0.2600000              67          56
  0.2600000              68          56
  0.2600000              68          57
  0.2600000              69          57
  0.2600000              70          57
  0.2600000              70          58
  0.2600000              71          58
  0.2600000              72          58
  0.2600000              73          54
  0.2600000              73          55
  0.2600000              73          56
  0.2600000              73          57
  0.2600000              73          58
  0.2600000              74          54
  0.2600000              75          54
  0.2600000              75          55
  0.2600000              76          54
  0.2600000              76          55
  0.2600000              77          53
  0.2600000              77          54
  0.2600000              78          53
  0.2600000              78          54
  0.2600000              78          55
  0.2600000              79          55
  0.2600000              79          56
  0.2600000              80          56
  0.2600000              81          56
  0.2600000              82          56
  0.2600000              83          56
  0.2600000              84          53
  0.2600000              84          54
  0.2600000              84          55
  0.2600000              84          56
  0.2600000              85          53
  0.2600000              85          54
  0.2600000              85          55
  0.2600000              86          53
  0.2600000              86          54
  0.2600000              87          54
  0.2600000              87          55
  0.2600000              88          55
  0.2600000              88          56
  0.2600000              88          57
  0.2600000              89          57
  0.2600000              90          56
  0.2600000              90          57
  0.2600000              91          54
  0.2600000              91          55
  0.2600000              91          56
  0.2600000              92          54
  0.2600000              93          54
  0.2600000              93          55
  0.2600000              93          56
  0.2600000              93          57
  0.2600000              94          57
  0.2600000              94          58
  0.2600000              95          56
  0.2600000              95          57
  0.2600000              96          56
  0.2600000              96          57
  0.2600000              97          54
  0.2600000              97          55
  0.2600000              97          57
  0.2600000              97          58
  0.2600000              98          54
  0.2600000              98          55
  0.2600000              98          56
  0.2600000              98          57
  0.2600000              98          58
  0.2600000              99          54
  0.2600000              99          55
  0.2600000             100          54
  0.2600000             100          55
  0.2600000             101          55
  0.2600000             101          56
  0.2600000             101          57
  0.2600000             102          57
  0.2600000             102          58
  0.2600000             103          58
  0.2600000             103          59
  0.2600000             104          58
 
 Day:        2000
 Channel depth, Cell Row, Cell Column
  0.4299999              25          17
  0.4299999              25          18
  0.4299999              26          18
  0.4299999              26          19
  0.4299999              27          19
  0.4299999              27          20
  0.4299998              28          20
  0.4299999              28          21
  0.4299999              29          21
  0.4299999              29          22
  0.4299999              30          22
  0.4299999              31          22
  0.4299999              31          23
  0.4299999              32          22
  0.4299999              32          23
  0.4299999              33          22
  0.4299999              34          22
  0.4299999              34          23
  0.4299999              35          23
  0.4299998              35          24
  0.4299999              36          23
  0.4299999              36          24
  0.4299999              36          25
  0.4299999              36          26
  0.4299999              36          27
  0.4299999              37          27
  0.4299999              37          56
  0.4299999              37          57
  0.4299999              38          27
  0.4299999              38          55
  0.4299999              38          56
  0.4299999              39          27
  0.4299999              39          55
  0.4299999              40          25
  0.4299999              40          26
  0.4299999              40          27
  0.4299999              40          55
  0.4299999              41          25
  0.4299999              41          26
  0.4299999              41          27
  0.4299999              41          33
  0.4299999              41          53
  0.4299999              41          54
  0.4299999              41          55
  0.4299998              42          27
  0.4299999              42          33
  0.4299999              42          34
  0.4299999              42          52
  0.4299999              42          53
  0.4299999              43          27
  0.4299999              43          28
  0.4299999              43          34
  0.4299999              43          52
  0.4299999              44          28
  0.4299999              44          29
  0.4299999              44          30
  0.4299999              44          34
  0.4299999              44          35
  0.4299999              44          52
  0.4299999              44          53
  0.4299999              45          30
  0.4299999              45          35
  0.4299999              45          53
  0.4299999              46          30
  0.4299999              46          35
  0.4299999              46          51
  0.4299999              46          52
  0.4299999              46          53
  0.4299999              47          30
  0.4299999              47          31
  0.4299999              47          32
  0.4299999              47          35
  0.4299999              47          50
  0.4299999              47          51
  0.4299999              48          32
  0.4299999              48          33
  0.4299999              48          35
  0.4299999              48          36
  0.4299999              48          49
  0.4299999              48          50
  0.4299999              49          33
  0.4299999              49          34
  0.4299999              49          35
  0.4172373              49          36
  0.4299999              49          37
  0.4299999              49          38
  0.4299999              49          41
  0.4299999              49          42
  0.4299999              49          49
  0.4299999              50          34
  0.4299999              50          35
  0.4299999              50          36
  0.4299999              50          37
  0.3331921              50          38
  0.4299999              50          39
  0.4299999              50          40
  0.4299999              50          41
  0.4299999              50          42
  0.4299999              50          43
  0.4299999              50          49
  0.4299999              51          43
  0.4299999              51          48
  0.4299999              51          49
  0.4299999              52          43
  0.4299999              52          48
  0.2769502              52          49
  0.4299999              52          50
  0.4299999              53          43
  0.4299999              53          44
  0.4299998              53          47
  0.4299999              53          48
  0.4299999              53          50
  0.4299999              53          51
  0.4299999              54          44
  0.4299999              54          45
  0.4299999              54          46
  0.4299999              54          47
  0.4299999              54          51
  0.4299999              54          52
  0.4299999              55          52
  0.4299999              56          52
  0.4299999              56          53
  0.4299999              56          54
  0.4299999              57          53
  0.4299999              57          54
  0.4299999              58          53
  0.4299999              59          53
  0.4299999              60          53
  0.4299999              61          53
  0.4299999              61          54
  0.4299999              61          55
  0.4299999              61          56
  0.4299999              62          56
  0.4299999              63          56
  0.4299999              63          57
  0.4299999              64          56
  0.4299999              64          57
  0.4299999              65          56
  0.4299999              66          56
  0.4299999              67          56
  0.4299999              68          56
  0.4299999              68          57
  0.4299999              69          57
  0.4299999              70          57
  0.4299999              70          58
  0.4299999              71          58
  0.4299999              72          58
  0.4299999              73          54
  0.4299999              73          55
  0.4299999              73          56
  0.4299999              73          57
  0.4299998              73          58
  0.4299999              74          54
  0.4299999              75          54
  0.4299998              75          55
  0.4299999              76          54
  0.4299999              76          55
  0.4299999              77          53
  0.4299999              77          54
  0.4299999              78          53
  0.4299999              78          54
  0.4299998              78          55
  0.4299998              79          55
  0.4299999              79          56
  0.4299999              80          56
  0.4299999              81          56
  0.4299998              82          56
  0.4299999              83          56
  0.4299999              84          53
  0.4299999              84          54
  0.4299998              84          55
  0.4299998              84          56
  0.4299999              85          53
  0.4299999              85          54
  0.4299999              85          55
  0.4299999              86          53
  0.4299999              86          54
  0.4299999              87          54
  0.4299999              87          55
  0.4299998              88          55
  0.4299999              88          56
  0.4299999              88          57
  0.4299999              89          57
  0.4299999              90          56
  0.4299999              90          57
  0.4299999              91          54
  0.4299999              91          55
  0.4299999              91          56
  0.4299999              92          54
  0.4299999              93          54
  0.4299999              93          55
  0.4299999              93          56
  0.4299999              93          57
  0.4299999              94          57
  0.4299998              94          58
  0.4299999              95          56
  0.4299999              95          57
  0.4299999              96          56
  0.4299999              96          57
  0.4299999              97          54
  0.4299999              97          55
  0.4299999              97          57
  0.4299999              97          58
  0.4299999              98          54
  0.4299999              98          55
  0.4299999              98          56
  0.4299999              98          57
  0.4299999              98          58
  0.4299998              99          54
  0.4299999              99          55
  0.4299999             100          54
  0.4299999             100          55
  0.4299999             101          55
  0.4299999             101          56
  0.4299999             101          57
  0.4299999             102          57
  0.4299999             102          58
  0.4299999             103          58
  0.4299999             103          59
  0.4299999             104          58
 
 Day:        3000
 Channel depth, Cell Row, Cell Column
  0.4199999              25          17
  0.4199999              25          18
  0.4199999              26          18
  0.4199999              26          19
  0.4199999              27          19
  0.4199999              27          20
  0.4199999              28          20
  0.4199999              28          21
  0.4199999              29          21
  0.4199999              29          22
  0.4199999              30          22
  0.4199999              31          22
  0.4199999              31          23
  0.4199999              32          22
  0.4199999              32          23
  0.4199999              33          22
  0.4199999              34          22
  0.4199999              34          23
  0.4199999              35          23
  0.4199999              35          24
  0.4199999              36          23
  0.4199999              36          24
  0.4199999              36          25
  0.4199999              36          26
  0.4199999              36          27
  0.4199999              37          27
  0.4199999              37          56
  0.4199999              37          57
  0.4199999              38          27
  0.4199999              38          55
  0.4199999              38          56
  0.4199999              39          27
  0.4199999              39          55
  0.4199999              40          25
  0.4199999              40          26
  0.4199999              40          27
  0.4199999              40          55
  0.4199999              41          25
  0.4199999              41          26
  0.4199999              41          27
  0.4199999              41          33
  0.4199999              41          53
  0.4199999              41          54
  0.4199999              41          55
  0.4199999              42          27
  0.4199999              42          33
  0.4199999              42          34
  0.4199999              42          52
  0.4199999              42          53
  0.4199999              43          27
  0.4199999              43          28
  0.4199999              43          34
  0.4199999              43          52
  0.4199999              44          28
  0.4199999              44          29
  0.4199999              44          30
  0.4199999              44          34
  0.4199999              44          35
  0.4199999              44          52
  0.4199999              44          53
  0.4199999              45          30
  0.4199999              45          35
  0.4199999              45          53
  0.4199999              46          30
  0.4199999              46          35
  0.4199999              46          51
  0.4199999              46          52
  0.4199999              46          53
  0.4199999              47          30
  0.4199999              47          31
  0.4199999              47          32
  0.4199999              47          35
  0.4199999              47          50
  0.4199998              47          51
  0.4199999              48          32
  0.4199999              48          33
  0.4199999              48          35
  0.4199999              48          36
  0.4199999              48          49
  0.4199999              48          50
  0.4199999              49          33
  0.4199999              49          34
  0.4199999              49          35
  0.4029830              49          36
  0.4199999              49          37
  0.4199999              49          38
  0.4199999              49          41
  0.4199999              49          42
  0.4199999              49          49
  0.4199999              50          34
  0.4199999              50          35
  0.4199999              50          36
  0.4199999              50          37
  0.3277004              50          38
  0.4199999              50          39
  0.4199999              50          40
  0.4199999              50          41
  0.4199999              50          42
  0.4199999              50          43
  0.4199999              50          49
  0.4199999              51          43
  0.4199999              51          48
  0.4199999              51          49
  0.4199999              52          43
  0.4199999              52          48
  0.2741546              52          49
  0.4199999              52          50
  0.4199999              53          43
  0.4199999              53          44
  0.4199999              53          47
  0.4199999              53          48
  0.4199999              53          50
  0.4199999              53          51
  0.4199999              54          44
  0.4199999              54          45
  0.4199999              54          46
  0.4199999              54          47
  0.4199999              54          51
  0.4199999              54          52
  0.4199999              55          52
  0.4199999              56          52
  0.4199999              56          53
  0.4199999              56          54
  0.4199999              57          53
  0.4199999              57          54
  0.4199999              58          53
  0.4199999              59          53
  0.4199999              60          53
  0.4199999              61          53
  0.4199999              61          54
  0.4199999              61          55
  0.4199999              61          56
  0.4199999              62          56
  0.4199999              63          56
  0.4199999              63          57
  0.4199999              64          56
  0.4199999              64          57
  0.4199999              65          56
  0.4199999              66          56
  0.4199999              67          56
  0.4199999              68          56
  0.4199999              68          57
  0.4199999              69          57
  0.4199999              70          57
  0.4199999              70          58
  0.4199999              71          58
  0.4199999              72          58
  0.4199999              73          54
  0.4199999              73          55
  0.4199999              73          56
  0.4199999              73          57
  0.4199999              73          58
  0.4199999              74          54
  0.4199999              75          54
  0.4199999              75          55
  0.4199999              76          54
  0.4199999              76          55
  0.4199999              77          53
  0.4199999              77          54
  0.4199999              78          53
  0.4199999              78          54
  0.4199999              78          55
  0.4199999              79          55
  0.4199999              79          56
  0.4199999              80          56
  0.4199999              81          56
  0.4199999              82          56
  0.4199999              83          56
  0.4199999              84          53
  0.4199999              84          54
  0.4199999              84          55
  0.4199999              84          56
  0.4199999              85          53
  0.4199999              85          54
  0.4199998              85          55
  0.4199999              86          53
  0.4199999              86          54
  0.4199999              87          54
  0.4199999              87          55
  0.4199999              88          55
  0.4199998              88          56
  0.4199998              88          57
  0.4199999              89          57
  0.4199999              90          56
  0.4199999              90          57
  0.4199999              91          54
  0.4199999              91          55
  0.4199999              91          56
  0.4199999              92          54
  0.4199999              93          54
  0.4199999              93          55
  0.4199999              93          56
  0.4199999              93          57
  0.4199999              94          57
  0.4199999              94          58
  0.4199998              95          56
  0.4199999              95          57
  0.4199998              96          56
  0.4199999              96          57
  0.4199999              97          54
  0.4199999              97          55
  0.4199999              97          57
  0.4199999              97          58
  0.4199999              98          54
  0.4199999              98          55
  0.4199999              98          56
  0.4199999              98          57
  0.4199999              98          58
  0.4199999              99          54
  0.4199999              99          55
  0.4199999             100          54
  0.4199999             100          55
  0.4199999             101          55
  0.4199999             101          56
  0.4199999             101          57
  0.4199999             102          57
  0.4199999             102          58
  0.4199999             103          58
  0.4199999             103          59
  0.4199999             104          58
 
 Day:        4000
 Channel depth, Cell Row, Cell Column
  0.6499997              25          17
  0.6499997              25          18
  0.6499997              26          18
  0.6499997              26          19
  0.6499997              27          19
  0.6499997              27          20
  0.6499997              28          20
  0.6499997              28          21
  0.6499997              29          21
  0.6499997              29          22
  0.6499997              30          22
  0.6499997              31          22
  0.6499997              31          23
  0.6499997              32          22
  0.6499997              32          23
  0.6499996              33          22
  0.6499997              34          22
  0.6499997              34          23
  0.6499997              35          23
  0.6499997              35          24
  0.6499997              36          23
  0.6499997              36          24
  0.6499997              36          25
  0.6499996              36          26
  0.6499997              36          27
  0.6499997              37          27
  0.6499997              37          56
  0.6499997              37          57
  0.6499997              38          27
  0.6499997              38          55
  0.6499996              38          56
  0.6499997              39          27
  0.6499997              39          55
  0.6499997              40          25
  0.6499997              40          26
  0.6499997              40          27
  0.6499997              40          55
  0.6499997              41          25
  0.6499997              41          26
  0.6499997              41          27
  0.6499997              41          33
  0.6499997              41          53
  0.6499997              41          54
  0.6499997              41          55
  0.6499997              42          27
  0.6499997              42          33
  0.6499997              42          34
  0.6499997              42          52
  0.6499997              42          53
  0.6499997              43          27
  0.6499997              43          28
  0.6499997              43          34
  0.6499997              43          52
  0.6499997              44          28
  0.6499997              44          29
  0.6499997              44          30
  0.6499997              44          34
  0.6499997              44          35
  0.6499997              44          52
  0.6499997              44          53
  0.6499997              45          30
  0.6499997              45          35
  0.6499997              45          53
  0.6499997              46          30
  0.6499997              46          35
  0.6499997              46          51
  0.6499997              46          52
  0.6499997              46          53
  0.6499997              47          30
  0.6499997              47          31
  0.6499997              47          32
  0.6499997              47          35
  0.6499997              47          50
  0.6499997              47          51
  0.6499997              48          32
  0.6499997              48          33
  0.6499997              48          35
  0.6499997              48          36
  0.6499997              48          49
  0.6499997              48          50
  0.6499997              49          33
  0.6499997              49          34
  0.6499997              49          35
  0.6117117              49          36
  0.6499997              49          37
  0.6499997              49          38
  0.6499997              49          41
  0.6499997              49          42
  0.6499997              49          49
  0.6499997              50          34
  0.6499997              50          35
  0.6499997              50          36
  0.6499997              50          37
  0.4966564              50          38
  0.6499997              50          39
  0.6499997              50          40
  0.6499997              50          41
  0.6499997              50          42
  0.6499997              50          43
  0.6499997              50          49
  0.6499997              51          43
  0.6499997              51          48
  0.6499997              51          49
  0.6499997              52          43
  0.6499997              52          48
  0.4078563              52          49
  0.6499997              52          50
  0.6499997              53          43
  0.6499997              53          44
  0.6499997              53          47
  0.6499997              53          48
  0.6499997              53          50
  0.6499997              53          51
  0.6499997              54          44
  0.6499997              54          45
  0.6499997              54          46
  0.6499997              54          47
  0.6499997              54          51
  0.6499997              54          52
  0.6499997              55          52
  0.6499997              56          52
  0.6499997              56          53
  0.6499997              56          54
  0.6499997              57          53
  0.6499997              57          54
  0.6499997              58          53
  0.6499997              59          53
  0.6499996              60          53
  0.6499997              61          53
  0.6499997              61          54
  0.6499997              61          55
  0.6499997              61          56
  0.6499997              62          56
  0.6499997              63          56
  0.6499997              63          57
  0.6499997              64          56
  0.6499997              64          57
  0.6499997              65          56
  0.6499997              66          56
  0.6499997              67          56
  0.6499997              68          56
  0.6499997              68          57
  0.6499997              69          57
  0.6499997              70          57
  0.6499997              70          58
  0.6499997              71          58
  0.6499997              72          58
  0.6499997              73          54
  0.6499997              73          55
  0.6499997              73          56
  0.6499997              73          57
  0.6499997              73          58
  0.6499997              74          54
  0.6499997              75          54
  0.6499997              75          55
  0.6499997              76          54
  0.6499997              76          55
  0.6499997              77          53
  0.6499997              77          54
  0.6499997              78          53
  0.6499997              78          54
  0.6499997              78          55
  0.6499997              79          55
  0.6499997              79          56
  0.6499997              80          56
  0.6499997              81          56
  0.6499997              82          56
  0.6499997              83          56
  0.6499997              84          53
  0.6499997              84          54
  0.6499997              84          55
  0.6499997              84          56
  0.6499997              85          53
  0.6499997              85          54
  0.6499997              85          55
  0.6499997              86          53
  0.6499997              86          54
  0.6499997              87          54
  0.6499997              87          55
  0.6499997              88          55
  0.6499997              88          56
  0.6499997              88          57
  0.6499997              89          57
  0.6499997              90          56
  0.6499997              90          57
  0.6499997              91          54
  0.6499997              91          55
  0.6499996              91          56
  0.6499997              92          54
  0.6499997              93          54
  0.6499997              93          55
  0.6499997              93          56
  0.6499997              93          57
  0.6499997              94          57
  0.6499997              94          58
  0.6499997              95          56
  0.6499997              95          57
  0.6499997              96          56
  0.6499997              96          57
  0.6499997              97          54
  0.6499997              97          55
  0.6499997              97          57
  0.6499997              97          58
  0.6499997              98          54
  0.6499997              98          55
  0.6499997              98          56
  0.6499997              98          57
  0.6499997              98          58
  0.6499997              99          54
  0.6499997              99          55
  0.6499997             100          54
  0.6499997             100          55
  0.6499997             101          55
  0.6499997             101          56
  0.6499997             101          57
  0.6499997             102          57
  0.6499997             102          58
  0.6499997             103          58
  0.6499997             103          59
  0.6499997             104          58
 
 Day:        5000
 Channel depth, Cell Row, Cell Column
   1.832000              25          17
   1.832000              25          18
   1.832000              26          18
   1.832000              26          19
   1.832000              27          19
   1.832000              27          20
   1.832000              28          20
   1.832000              28          21
   1.832000              29          21
   1.832000              29          22
   1.832000              30          22
   1.832000              31          22
   1.832000              31          23
   1.832000              32          22
   1.832000              32          23
   1.832000              33          22
   1.832000              34          22
   1.832000              34          23
   1.832000              35          23
   1.832000              35          24
   1.832000              36          23
   1.832000              36          24
   1.832000              36          25
   1.832000              36          26
   1.832000              36          27
   1.832000              37          27
   1.832000              37          56
   1.832000              37          57
   1.832000              38          27
   1.832000              38          55
   1.832000              38          56
   1.832000              39          27
   1.832000              39          55
   1.832000              40          25
   1.832000              40          26
   1.832000              40          27
   1.832000              40          55
   1.832000              41          25
   1.832000              41          26
   1.832000              41          27
   1.832000              41          33
   1.832000              41          53
   1.832000              41          54
   1.832000              41          55
   1.832000              42          27
   1.832000              42          33
   1.832000              42          34
   1.832000              42          52
   1.832000              42          53
   1.832000              43          27
   1.832000              43          28
   1.832000              43          34
   1.832000              43          52
   1.832000              44          28
   1.832000              44          29
   1.832000              44          30
   1.832000              44          34
   1.832000              44          35
   1.832000              44          52
   1.832000              44          53
   1.832000              45          30
   1.832000              45          35
   1.832000              45          53
   1.832000              46          30
   1.832000              46          35
   1.832000              46          51
   1.832000              46          52
   1.832000              46          53
   1.832000              47          30
   1.832000              47          31
   1.832000              47          32
   1.832000              47          35
   1.832000              47          50
   1.832000              47          51
   1.832000              48          32
   1.832000              48          33
   1.832000              48          35
   1.832000              48          36
   1.832000              48          49
   1.832000              48          50
   1.832000              49          33
   1.832000              49          34
   1.832000              49          35
   1.614184              49          36
   1.832000              49          37
   1.832000              49          38
   1.832000              49          41
   1.832000              49          42
   1.832000              49          49
   1.832000              50          34
   1.832000              50          35
   1.832000              50          36
   1.832000              50          37
   1.382106              50          38
   1.832000              50          39
   1.832000              50          40
   1.832000              50          41
   1.832000              50          42
   1.832000              50          43
   1.832000              50          49
   1.832000              51          43
   1.832000              51          48
   1.832000              51          49
   1.832000              52          43
   1.832000              52          48
   1.123249              52          49
   1.832000              52          50
   1.832000              53          43
   1.832000              53          44
   1.832000              53          47
   1.832000              53          48
   1.832000              53          50
   1.832000              53          51
   1.832000              54          44
   1.832000              54          45
   1.832000              54          46
   1.832000              54          47
   1.832000              54          51
   1.832000              54          52
   1.832000              55          52
   1.832000              56          52
   1.832000              56          53
   1.832000              56          54
   1.832000              57          53
   1.832000              57          54
   1.832000              58          53
   1.832000              59          53
   1.832000              60          53
   1.832000              61          53
   1.832000              61          54
   1.832000              61          55
   1.832000              61          56
   1.832000              62          56
   1.832000              63          56
   1.832000              63          57
   1.832000              64          56
   1.832000              64          57
   1.832000              65          56
   1.832000              66          56
   1.832000              67          56
   1.832000              68          56
   1.832000              68          57
   1.832000              69          57
   1.832000              70          57
   1.832000              70          58
   1.832000              71          58
   1.832000              72          58
   1.832000              73          54
   1.832000              73          55
   1.832000              73          56
   1.832000              73          57
   1.832000              73          58
   1.832000              74          54
   1.832000              75          54
   1.832000              75          55
   1.832000              76          54
   1.832000              76          55
   1.832000              77          53
   1.832000              77          54
   1.832000              78          53
   1.832000              78          54
   1.832000              78          55
   1.832000              79          55
   1.832000              79          56
   1.832000              80          56
   1.832000              81          56
   1.832000              82          56
   1.832000              83          56
   1.832000              84          53
   1.832000              84          54
   1.832000              84          55
   1.832000              84          56
   1.832000              85          53
   1.832000              85          54
   1.832000              85          55
   1.832000              86          53
   1.832000              86          54
   1.832000              87          54
   1.832000              87          55
   1.832000              88          55
   1.832000              88          56
   1.832000              88          57
   1.832000              89          57
   1.832000              90          56
   1.832000              90          57
   1.832000              91          54
   1.832000              91          55
   1.832000              91          56
   1.832000              92          54
   1.832000              93          54
   1.832000              93          55
   1.832000              93          56
   1.832000              93          57
   1.832000              94          57
   1.832000              94          58
   1.832000              95          56
   1.832000              95          57
   1.832000              96          56
   1.832000              96          57
   1.832000              97          54
   1.832000              97          55
   1.832000              97          57
   1.832000              97          58
   1.832000              98          54
   1.832000              98          55
   1.832000              98          56
   1.832000              98          57
   1.832000              98          58
   1.832000              99          54
   1.832000              99          55
   1.832000             100          54
   1.832000             100          55
   1.832000             101          55
   1.832000             101          56
   1.832000             101          57
   1.832000             102          57
   1.832000             102          58
   1.832000             103          58
   1.832000             103          59
   1.832000             104          58
 
 Day:        6000
 Channel depth, Cell Row, Cell Column
  0.6499997              25          17
  0.6499997              25          18
  0.6499997              26          18
  0.6499997              26          19
  0.6499997              27          19
  0.6499997              27          20
  0.6499997              28          20
  0.6499997              28          21
  0.6499997              29          21
  0.6499997              29          22
  0.6499997              30          22
  0.6499997              31          22
  0.6499997              31          23
  0.6499997              32          22
  0.6499997              32          23
  0.6499996              33          22
  0.6499997              34          22
  0.6499997              34          23
  0.6499997              35          23
  0.6499997              35          24
  0.6499997              36          23
  0.6499997              36          24
  0.6499997              36          25
  0.6499996              36          26
  0.6499997              36          27
  0.6499997              37          27
  0.6499997              37          56
  0.6499997              37          57
  0.6499997              38          27
  0.6499997              38          55
  0.6499996              38          56
  0.6499997              39          27
  0.6499997              39          55
  0.6499997              40          25
  0.6499997              40          26
  0.6499997              40          27
  0.6499997              40          55
  0.6499997              41          25
  0.6499997              41          26
  0.6499997              41          27
  0.6499997              41          33
  0.6499997              41          53
  0.6499997              41          54
  0.6499997              41          55
  0.6499997              42          27
  0.6499997              42          33
  0.6499997              42          34
  0.6499997              42          52
  0.6499997              42          53
  0.6499997              43          27
  0.6499997              43          28
  0.6499997              43          34
  0.6499997              43          52
  0.6499997              44          28
  0.6499997              44          29
  0.6499997              44          30
  0.6499997              44          34
  0.6499997              44          35
  0.6499997              44          52
  0.6499997              44          53
  0.6499997              45          30
  0.6499997              45          35
  0.6499997              45          53
  0.6499997              46          30
  0.6499997              46          35
  0.6499997              46          51
  0.6499997              46          52
  0.6499997              46          53
  0.6499997              47          30
  0.6499997              47          31
  0.6499997              47          32
  0.6499997              47          35
  0.6499997              47          50
  0.6499997              47          51
  0.6499997              48          32
  0.6499997              48          33
  0.6499997              48          35
  0.6499997              48          36
  0.6499997              48          49
  0.6499997              48          50
  0.6499997              49          33
  0.6499997              49          34
  0.6499997              49          35
  0.6202202              49          36
  0.6499997              49          37
  0.6499997              49          38
  0.6499997              49          41
  0.6499997              49          42
  0.6499997              49          49
  0.6499997              50          34
  0.6499997              50          35
  0.6499997              50          36
  0.6499997              50          37
  0.4976700              50          38
  0.6499997              50          39
  0.6499997              50          40
  0.6499997              50          41
  0.6499997              50          42
  0.6499997              50          43
  0.6499997              50          49
  0.6499997              51          43
  0.6499997              51          48
  0.6499997              51          49
  0.6499997              52          43
  0.6499997              52          48
  0.4093259              52          49
  0.6499997              52          50
  0.6499997              53          43
  0.6499997              53          44
  0.6499997              53          47
  0.6499997              53          48
  0.6499997              53          50
  0.6499997              53          51
  0.6499997              54          44
  0.6499997              54          45
  0.6499997              54          46
  0.6499997              54          47
  0.6499997              54          51
  0.6499997              54          52
  0.6499997              55          52
  0.6499997              56          52
  0.6499997              56          53
  0.6499997              56          54
  0.6499997              57          53
  0.6499997              57          54
  0.6499997              58          53
  0.6499997              59          53
  0.6499996              60          53
  0.6499997              61          53
  0.6499997              61          54
  0.6499997              61          55
  0.6499997              61          56
  0.6499997              62          56
  0.6499997              63          56
  0.6499997              63          57
  0.6499997              64          56
  0.6499997              64          57
  0.6499997              65          56
  0.6499997              66          56
  0.6499997              67          56
  0.6499997              68          56
  0.6499997              68          57
  0.6499997              69          57
  0.6499997              70          57
  0.6499997              70          58
  0.6499997              71          58
  0.6499997              72          58
  0.6499997              73          54
  0.6499997              73          55
  0.6499997              73          56
  0.6499997              73          57
  0.6499997              73          58
  0.6499997              74          54
  0.6499997              75          54
  0.6499997              75          55
  0.6499997              76          54
  0.6499997              76          55
  0.6499997              77          53
  0.6499997              77          54
  0.6499997              78          53
  0.6499997              78          54
  0.6499997              78          55
  0.6499997              79          55
  0.6499997              79          56
  0.6499997              80          56
  0.6499997              81          56
  0.6499997              82          56
  0.6499997              83          56
  0.6499997              84          53
  0.6499997              84          54
  0.6499997              84          55
  0.6499997              84          56
  0.6499997              85          53
  0.6499997              85          54
  0.6499997              85          55
  0.6499997              86          53
  0.6499997              86          54
  0.6499997              87          54
  0.6499997              87          55
  0.6499997              88          55
  0.6499997              88          56
  0.6499997              88          57
  0.6499997              89          57
  0.6499997              90          56
  0.6499997              90          57
  0.6499997              91          54
  0.6499997              91          55
  0.6499996              91          56
  0.6499997              92          54
  0.6499997              93          54
  0.6499997              93          55
  0.6499997              93          56
  0.6499997              93          57
  0.6499997              94          57
  0.6499997              94          58
  0.6499997              95          56
  0.6499997              95          57
  0.6499997              96          56
  0.6499997              96          57
  0.6499997              97          54
  0.6499997              97          55
  0.6499997              97          57
  0.6499997              97          58
  0.6499997              98          54
  0.6499997              98          55
  0.6499997              98          56
  0.6499997              98          57
  0.6499997              98          58
  0.6499997              99          54
  0.6499997              99          55
  0.6499997             100          54
  0.6499997             100          55
  0.6499997             101          55
  0.6499997             101          56
  0.6499997             101          57
  0.6499997             102          57
  0.6499997             102          58
  0.6499997             103          58
  0.6499997             103          59
  0.6499997             104          58
