 SWAT recharge to water table (mm) (for each HRU)
 
 Day:           1
 Recharge (mm), Soil Perc. (mm) for each HRU
  0.0000000E+00  0.0000000E+00
  0.0000000E+00  0.0000000E+00
  0.0000000E+00  0.0000000E+00
  0.0000000E+00  0.0000000E+00
  0.0000000E+00  0.0000000E+00
  0.0000000E+00  0.0000000E+00
  0.0000000E+00  0.0000000E+00
  0.0000000E+00  0.0000000E+00
  0.0000000E+00  0.0000000E+00
  0.0000000E+00  0.0000000E+00
  0.0000000E+00  0.0000000E+00
  0.0000000E+00  0.0000000E+00
  0.0000000E+00  0.0000000E+00
  0.0000000E+00  0.0000000E+00
  0.0000000E+00  0.0000000E+00
  0.0000000E+00  0.0000000E+00
  0.0000000E+00  0.0000000E+00
  0.0000000E+00  0.0000000E+00
  0.0000000E+00  0.0000000E+00
  0.0000000E+00  0.0000000E+00
  0.0000000E+00  0.0000000E+00
  0.0000000E+00  0.0000000E+00
  0.0000000E+00  0.0000000E+00
  0.0000000E+00  0.0000000E+00
  0.0000000E+00  0.0000000E+00
  0.0000000E+00  0.0000000E+00
  0.0000000E+00  0.0000000E+00
  0.0000000E+00  0.0000000E+00
  0.0000000E+00  0.0000000E+00
  0.0000000E+00  0.0000000E+00
  0.0000000E+00  0.0000000E+00
  0.0000000E+00  0.0000000E+00
  0.0000000E+00  0.0000000E+00
  0.0000000E+00  0.0000000E+00
  0.0000000E+00  0.0000000E+00
  0.0000000E+00  0.0000000E+00
  0.0000000E+00  0.0000000E+00
  0.0000000E+00  0.0000000E+00
  0.0000000E+00  0.0000000E+00
  0.0000000E+00  0.0000000E+00
  0.0000000E+00  0.0000000E+00
  0.0000000E+00  0.0000000E+00
  0.0000000E+00  0.0000000E+00
  0.0000000E+00  0.0000000E+00
  0.0000000E+00  0.0000000E+00
  0.0000000E+00  0.0000000E+00
  0.0000000E+00  0.0000000E+00
  0.0000000E+00  0.0000000E+00
  0.0000000E+00  0.0000000E+00
  0.0000000E+00  0.0000000E+00
  0.0000000E+00  0.0000000E+00
  0.0000000E+00  0.0000000E+00
  0.0000000E+00  0.0000000E+00
  0.0000000E+00  0.0000000E+00
  0.0000000E+00  0.0000000E+00
  0.0000000E+00  0.0000000E+00
  0.0000000E+00  0.0000000E+00
  0.0000000E+00  0.0000000E+00
  0.0000000E+00  0.0000000E+00
  0.0000000E+00  0.0000000E+00
  0.0000000E+00  0.0000000E+00
  0.0000000E+00  0.0000000E+00
  0.0000000E+00  0.0000000E+00
  0.0000000E+00  0.0000000E+00
  0.0000000E+00  0.0000000E+00
  0.0000000E+00  0.0000000E+00
  0.0000000E+00  0.0000000E+00
  0.0000000E+00  0.0000000E+00
  0.0000000E+00  0.0000000E+00
  0.0000000E+00  0.0000000E+00
  0.0000000E+00  0.0000000E+00
  0.0000000E+00  0.0000000E+00
  0.0000000E+00  0.0000000E+00
  0.0000000E+00  0.0000000E+00
  0.0000000E+00  0.0000000E+00
  0.0000000E+00  0.0000000E+00
  0.0000000E+00  0.0000000E+00
  0.0000000E+00  0.0000000E+00
  0.0000000E+00  0.0000000E+00
  0.0000000E+00  0.0000000E+00
  0.0000000E+00  0.0000000E+00
  0.0000000E+00  0.0000000E+00
  0.0000000E+00  0.0000000E+00
  0.0000000E+00  0.0000000E+00
  0.0000000E+00  0.0000000E+00
  0.0000000E+00  0.0000000E+00
  0.0000000E+00  0.0000000E+00
  0.0000000E+00  0.0000000E+00
  0.0000000E+00  0.0000000E+00
  0.0000000E+00  0.0000000E+00
  0.0000000E+00  0.0000000E+00
  0.0000000E+00  0.0000000E+00
  0.0000000E+00  0.0000000E+00
  0.0000000E+00  0.0000000E+00
  0.0000000E+00  0.0000000E+00
  0.0000000E+00  0.0000000E+00
  0.0000000E+00  0.0000000E+00
  0.0000000E+00  0.0000000E+00
  0.0000000E+00  0.0000000E+00
  0.0000000E+00  0.0000000E+00
  0.0000000E+00  0.0000000E+00
  0.0000000E+00  0.0000000E+00
  0.0000000E+00  0.0000000E+00
  0.0000000E+00  0.0000000E+00
  0.0000000E+00  0.0000000E+00
  0.0000000E+00  0.0000000E+00
  0.0000000E+00  0.0000000E+00
  0.0000000E+00  0.0000000E+00
  0.0000000E+00  0.0000000E+00
  0.0000000E+00  0.0000000E+00
  0.0000000E+00  0.0000000E+00
  0.0000000E+00  0.0000000E+00
  0.0000000E+00  0.0000000E+00
  0.0000000E+00  0.0000000E+00
  0.0000000E+00  0.0000000E+00
  0.0000000E+00  0.0000000E+00
  0.0000000E+00  0.0000000E+00
  0.0000000E+00  0.0000000E+00
  0.0000000E+00  0.0000000E+00
  0.0000000E+00  0.0000000E+00
  0.0000000E+00  0.0000000E+00
  0.0000000E+00  0.0000000E+00
  0.0000000E+00  0.0000000E+00
  0.0000000E+00  0.0000000E+00
  0.0000000E+00  0.0000000E+00
  0.0000000E+00  0.0000000E+00
  0.0000000E+00  0.0000000E+00
  0.0000000E+00  0.0000000E+00
  0.0000000E+00  0.0000000E+00
  0.0000000E+00  0.0000000E+00
  0.0000000E+00  0.0000000E+00
  0.0000000E+00  0.0000000E+00
  0.0000000E+00  0.0000000E+00
  0.0000000E+00  0.0000000E+00
  0.0000000E+00  0.0000000E+00
  0.0000000E+00  0.0000000E+00
  0.0000000E+00  0.0000000E+00
  0.0000000E+00  0.0000000E+00
  0.0000000E+00  0.0000000E+00
  0.0000000E+00  0.0000000E+00
  0.0000000E+00  0.0000000E+00
  0.0000000E+00  0.0000000E+00
  0.0000000E+00  0.0000000E+00
  0.0000000E+00  0.0000000E+00
  0.0000000E+00  0.0000000E+00
  0.0000000E+00  0.0000000E+00
  0.0000000E+00  0.0000000E+00
  0.0000000E+00  0.0000000E+00
  0.0000000E+00  0.0000000E+00
  0.0000000E+00  0.0000000E+00
  0.0000000E+00  0.0000000E+00
  0.0000000E+00  0.0000000E+00
  0.0000000E+00  0.0000000E+00
  0.0000000E+00  0.0000000E+00
  0.0000000E+00  0.0000000E+00
  0.0000000E+00  0.0000000E+00
  0.0000000E+00  0.0000000E+00
  0.0000000E+00  0.0000000E+00
  0.0000000E+00  0.0000000E+00
  0.0000000E+00  0.0000000E+00
  0.0000000E+00  0.0000000E+00
  0.0000000E+00  0.0000000E+00
  0.0000000E+00  0.0000000E+00
  0.0000000E+00  0.0000000E+00
  0.0000000E+00  0.0000000E+00
  0.0000000E+00  0.0000000E+00
  0.0000000E+00  0.0000000E+00
  0.0000000E+00  0.0000000E+00
  0.0000000E+00  0.0000000E+00
  0.0000000E+00  0.0000000E+00
  0.0000000E+00  0.0000000E+00
  0.0000000E+00  0.0000000E+00
  0.0000000E+00  0.0000000E+00
  0.0000000E+00  0.0000000E+00
  0.0000000E+00  0.0000000E+00
  0.0000000E+00  0.0000000E+00
  0.0000000E+00  0.0000000E+00
  0.0000000E+00  0.0000000E+00
  0.0000000E+00  0.0000000E+00
  0.0000000E+00  0.0000000E+00
  0.0000000E+00  0.0000000E+00
  0.0000000E+00  0.0000000E+00
  0.0000000E+00  0.0000000E+00
  0.0000000E+00  0.0000000E+00
  0.0000000E+00  0.0000000E+00
  0.0000000E+00  0.0000000E+00
  0.0000000E+00  0.0000000E+00
  0.0000000E+00  0.0000000E+00
  0.0000000E+00  0.0000000E+00
  0.0000000E+00  0.0000000E+00
  0.0000000E+00  0.0000000E+00
  0.0000000E+00  0.0000000E+00
  0.0000000E+00  0.0000000E+00
  0.0000000E+00  0.0000000E+00
  0.0000000E+00  0.0000000E+00
  0.0000000E+00  0.0000000E+00
  0.0000000E+00  0.0000000E+00
  0.0000000E+00  0.0000000E+00
  0.0000000E+00  0.0000000E+00
 
 
 Day:        1000
 Recharge (mm), Soil Perc. (mm) for each HRU
  0.0000000E+00  0.0000000E+00
  0.0000000E+00  0.0000000E+00
  1.2800648E-04  0.0000000E+00
  0.0000000E+00  0.0000000E+00
  0.0000000E+00  0.0000000E+00
  0.0000000E+00  0.0000000E+00
  0.0000000E+00  0.0000000E+00
  0.0000000E+00  0.0000000E+00
  0.0000000E+00  0.0000000E+00
  0.0000000E+00  0.0000000E+00
  0.0000000E+00  0.0000000E+00
  0.0000000E+00  0.0000000E+00
  0.0000000E+00  0.0000000E+00
  0.0000000E+00  0.0000000E+00
  5.3693581E-04  0.0000000E+00
  5.4084539E-04  0.0000000E+00
  2.1960526E-03  0.0000000E+00
  6.6764874E-04  0.0000000E+00
  6.6931598E-04  0.0000000E+00
  8.0350474E-02  0.0000000E+00
  0.0000000E+00  0.0000000E+00
  0.0000000E+00  0.0000000E+00
  1.5839398E-02  0.0000000E+00
  1.5913628E-02  0.0000000E+00
  0.0000000E+00  0.0000000E+00
  0.0000000E+00  0.0000000E+00
  2.6971179E-03  0.0000000E+00
  5.7840789E-05  0.0000000E+00
  0.0000000E+00  0.0000000E+00
  0.0000000E+00  0.0000000E+00
  0.0000000E+00  0.0000000E+00
  0.0000000E+00  0.0000000E+00
  4.1147701E-02  0.0000000E+00
  0.0000000E+00  0.0000000E+00
  0.0000000E+00  0.0000000E+00
  0.0000000E+00  0.0000000E+00
  0.0000000E+00  0.0000000E+00
  0.0000000E+00  0.0000000E+00
  0.0000000E+00  0.0000000E+00
  0.0000000E+00  0.0000000E+00
  0.0000000E+00  0.0000000E+00
  0.0000000E+00  0.0000000E+00
  0.0000000E+00  0.0000000E+00
  0.0000000E+00  0.0000000E+00
  0.0000000E+00  0.0000000E+00
  0.0000000E+00  0.0000000E+00
  0.0000000E+00  0.0000000E+00
  0.0000000E+00  0.0000000E+00
  0.0000000E+00  0.0000000E+00
  0.0000000E+00  0.0000000E+00
  0.0000000E+00  0.0000000E+00
  0.0000000E+00  0.0000000E+00
  0.0000000E+00  0.0000000E+00
  0.0000000E+00  0.0000000E+00
  9.5645607E-02  0.0000000E+00
  4.5038969E-04  0.0000000E+00
  4.4948672E-04  0.0000000E+00
  0.0000000E+00  0.0000000E+00
  0.0000000E+00  0.0000000E+00
  3.5973472E-04  0.0000000E+00
  3.7576037E-04  0.0000000E+00
  9.5549261E-04  0.0000000E+00
  9.2465890E-04  0.0000000E+00
  0.1045528      0.0000000E+00
  0.1043862      0.0000000E+00
  0.2037884      0.0000000E+00
  0.2269696      0.0000000E+00
  4.4954446E-04  0.0000000E+00
  4.5036958E-04  0.0000000E+00
  9.5666513E-02  0.0000000E+00
  3.6173762E-04  0.0000000E+00
  3.7500091E-04  0.0000000E+00
  0.1194819      0.0000000E+00
  4.7862009E-04  0.0000000E+00
  4.7536343E-04  0.0000000E+00
  0.0000000E+00  0.0000000E+00
  0.0000000E+00  0.0000000E+00
  2.0607747E-02  0.0000000E+00
  2.0813264E-02  0.0000000E+00
  0.0000000E+00  0.0000000E+00
  0.0000000E+00  0.0000000E+00
  1.5414154E-04  0.0000000E+00
  1.6445329E-04  0.0000000E+00
  0.0000000E+00  0.0000000E+00
  0.0000000E+00  0.0000000E+00
  0.0000000E+00  0.0000000E+00
  0.0000000E+00  0.0000000E+00
  0.1038670      0.0000000E+00
  0.1381976      0.0000000E+00
  1.7971332E-03  0.0000000E+00
  1.8042986E-03  0.0000000E+00
  0.1995209      0.0000000E+00
  0.1487544      0.0000000E+00
  0.1222356      0.0000000E+00
  0.2003017      0.0000000E+00
  0.2444220      0.0000000E+00
  0.2417761      0.0000000E+00
  3.8196698E-02  0.0000000E+00
  5.8167659E-02  0.0000000E+00
  0.1436794      0.0000000E+00
  0.0000000E+00  0.0000000E+00
  0.0000000E+00  0.0000000E+00
  0.1049983      0.0000000E+00
  9.9246465E-02  0.0000000E+00
  0.1890451      0.0000000E+00
  0.1818776      0.0000000E+00
  2.8649715E-04  0.0000000E+00
  2.8732247E-04  0.0000000E+00
  0.0000000E+00  0.0000000E+00
  0.0000000E+00  0.0000000E+00
  0.3309008      0.0000000E+00
  0.2915775      0.0000000E+00
  0.2892836      0.0000000E+00
  0.3718486      0.0000000E+00
  0.3692945      0.0000000E+00
  0.1897680      0.0000000E+00
  0.1437120      0.0000000E+00
  0.1049756      0.0000000E+00
  0.1036265      0.0000000E+00
  0.1885912      0.0000000E+00
  0.1869364      0.0000000E+00
  2.8649677E-04  0.0000000E+00
  1.1868459E-03  0.0000000E+00
  1.1822927E-03  0.0000000E+00
  0.1919095      0.0000000E+00
  0.2361131      0.0000000E+00
  0.2264238      0.0000000E+00
  0.1574235      0.0000000E+00
  0.1521831      0.0000000E+00
  8.4957264E-02  0.0000000E+00
  8.5148558E-02  0.0000000E+00
  4.6348706E-02  0.0000000E+00
  4.0960334E-02  0.0000000E+00
  3.8709808E-02  0.0000000E+00
  1.8597454E-02  0.0000000E+00
  1.8556431E-02  0.0000000E+00
  6.8290092E-02  0.0000000E+00
  6.5726861E-02  0.0000000E+00
  7.0794187E-02  0.0000000E+00
  7.0936210E-02  0.0000000E+00
  0.1722007      0.0000000E+00
  0.2115790      0.0000000E+00
  0.2097499      0.0000000E+00
  0.1377143      0.0000000E+00
  0.1420497      0.0000000E+00
  3.0265614E-02  0.0000000E+00
  4.5058176E-02  0.0000000E+00
  0.0000000E+00  0.0000000E+00
  0.0000000E+00  0.0000000E+00
  8.3415002E-02  0.0000000E+00
  0.1072248      0.0000000E+00
  0.1031262      0.0000000E+00
  5.1631287E-02  0.0000000E+00
  5.5001825E-02  0.0000000E+00
  8.3405860E-02  0.0000000E+00
  0.0000000E+00  0.0000000E+00
  0.0000000E+00  0.0000000E+00
  0.1069495      0.0000000E+00
  0.1059394      0.0000000E+00
  5.4990932E-02  0.0000000E+00
  5.2357707E-02  0.0000000E+00
  4.5468301E-02  0.0000000E+00
  7.3520973E-02  0.0000000E+00
  0.1429014      0.0000000E+00
  0.0000000E+00  0.0000000E+00
  0.0000000E+00  0.0000000E+00
  0.0000000E+00  0.0000000E+00
  1.0484027E-04  0.0000000E+00
  1.0552879E-04  0.0000000E+00
  4.8043758E-02  0.0000000E+00
  7.3232360E-02  0.0000000E+00
  0.1771064      0.0000000E+00
  0.1705441      0.0000000E+00
  2.0760516E-02  0.0000000E+00
  1.2988973E-02  0.0000000E+00
  0.3324864      0.0000000E+00
  0.2882527      0.0000000E+00
  0.2159736      0.0000000E+00
  0.1790808      0.0000000E+00
  0.1800623      0.0000000E+00
  8.5984193E-02  1.8627010E-02
  8.5671343E-02  1.8525435E-02
  0.2879193      0.0000000E+00
  0.2433591      0.0000000E+00
  0.3634599      0.0000000E+00
  0.3614521      0.0000000E+00
  0.2484892      0.0000000E+00
  0.2396914      0.0000000E+00
  0.2767244      0.0000000E+00
  0.2662765      0.0000000E+00
  0.2491178      0.0000000E+00
  0.1344342      0.0000000E+00
  3.4224395E-02  0.0000000E+00
  0.3044767      0.0000000E+00
  0.2943357      0.0000000E+00
  0.1935319      0.0000000E+00
  0.2493274      0.0000000E+00
  0.1875422      0.0000000E+00
  0.1783695      0.0000000E+00
 
 
 Day:        2000
 Recharge (mm), Soil Perc. (mm) for each HRU
  0.0000000E+00  0.0000000E+00
  0.0000000E+00  0.0000000E+00
  0.0000000E+00  0.0000000E+00
  0.0000000E+00  0.0000000E+00
  0.0000000E+00  0.0000000E+00
  0.0000000E+00  0.0000000E+00
  0.0000000E+00  0.0000000E+00
  0.0000000E+00  0.0000000E+00
  0.0000000E+00  0.0000000E+00
  0.0000000E+00  0.0000000E+00
  0.0000000E+00  0.0000000E+00
  0.0000000E+00  0.0000000E+00
  0.0000000E+00  0.0000000E+00
  0.0000000E+00  0.0000000E+00
  0.0000000E+00  0.0000000E+00
  0.0000000E+00  0.0000000E+00
  7.7319091E-05  0.0000000E+00
  0.0000000E+00  0.0000000E+00
  0.0000000E+00  0.0000000E+00
  0.3281163      0.0000000E+00
  1.2369243E-04  0.0000000E+00
  1.2388367E-04  0.0000000E+00
  1.2248408E-04  0.0000000E+00
  1.2367706E-04  0.0000000E+00
  2.6965983E-05  0.0000000E+00
  2.7021988E-05  0.0000000E+00
  1.6513335E-05  0.0000000E+00
  0.0000000E+00  0.0000000E+00
  0.0000000E+00  0.0000000E+00
  0.0000000E+00  0.0000000E+00
  0.0000000E+00  0.0000000E+00
  0.0000000E+00  0.0000000E+00
  0.1268537      0.0000000E+00
  0.0000000E+00  0.0000000E+00
  0.0000000E+00  0.0000000E+00
  0.0000000E+00  0.0000000E+00
  0.0000000E+00  0.0000000E+00
  0.0000000E+00  0.0000000E+00
  0.0000000E+00  0.0000000E+00
  0.0000000E+00  0.0000000E+00
  0.0000000E+00  0.0000000E+00
  0.0000000E+00  0.0000000E+00
  0.0000000E+00  0.0000000E+00
  0.0000000E+00  0.0000000E+00
  0.0000000E+00  0.0000000E+00
  0.0000000E+00  0.0000000E+00
  0.0000000E+00  0.0000000E+00
  0.0000000E+00  0.0000000E+00
  0.0000000E+00  0.0000000E+00
  0.0000000E+00  0.0000000E+00
  0.0000000E+00  0.0000000E+00
  0.0000000E+00  0.0000000E+00
  0.0000000E+00  0.0000000E+00
  0.0000000E+00  0.0000000E+00
  5.7133943E-02  0.0000000E+00
  2.4471061E-05  0.0000000E+00
  2.4382787E-05  0.0000000E+00
  0.0000000E+00  0.0000000E+00
  0.0000000E+00  0.0000000E+00
  8.5621345E-05  0.0000000E+00
  8.6491811E-05  0.0000000E+00
  4.1804095E-05  0.0000000E+00
  3.8014932E-05  0.0000000E+00
  9.6991274E-04  0.0000000E+00
  9.1085525E-04  0.0000000E+00
  0.2185458      0.0000000E+00
  0.2896628      0.0000000E+00
  2.4387986E-05  0.0000000E+00
  2.4469151E-05  0.0000000E+00
  5.7164028E-02  0.0000000E+00
  8.5727377E-05  0.0000000E+00
  8.6451255E-05  0.0000000E+00
  0.1284139      0.0000000E+00
  0.0000000E+00  0.0000000E+00
  0.0000000E+00  0.0000000E+00
  0.0000000E+00  0.0000000E+00
  0.0000000E+00  0.0000000E+00
  3.9458070E-03  0.0000000E+00
  3.9652451E-03  0.0000000E+00
  0.0000000E+00  0.0000000E+00
  0.0000000E+00  0.0000000E+00
  0.0000000E+00  0.0000000E+00
  0.0000000E+00  0.0000000E+00
  0.0000000E+00  0.0000000E+00
  0.0000000E+00  0.0000000E+00
  0.0000000E+00  0.0000000E+00
  0.0000000E+00  0.0000000E+00
  2.2871092E-02  0.0000000E+00
  2.6859848E-02  0.0000000E+00
  1.1949467E-03  0.0000000E+00
  1.2197762E-03  0.0000000E+00
  3.6911551E-02  0.0000000E+00
  3.1517211E-02  0.0000000E+00
  2.8150346E-02  0.0000000E+00
  4.5073733E-02  0.0000000E+00
  4.6910007E-02  0.0000000E+00
  4.6634965E-02  0.0000000E+00
  1.0762879E-04  0.0000000E+00
  7.1316672E-04  0.0000000E+00
  1.6720796E-02  0.0000000E+00
  0.0000000E+00  0.0000000E+00
  0.0000000E+00  0.0000000E+00
  1.5359991E-02  0.0000000E+00
  1.4878084E-02  0.0000000E+00
  1.9644601E-02  0.0000000E+00
  1.9064300E-02  0.0000000E+00
  4.7466365E-05  0.0000000E+00
  4.7591548E-05  0.0000000E+00
  1.3356523E-04  0.0000000E+00
  1.3251578E-04  0.0000000E+00
  3.3838466E-02  0.0000000E+00
  3.2423966E-02  0.0000000E+00
  3.2227758E-02  0.0000000E+00
  3.6685128E-02  0.0000000E+00
  3.6462586E-02  0.0000000E+00
  3.5727115E-03  0.0000000E+00
  1.6723678E-02  0.0000000E+00
  1.5358125E-02  0.0000000E+00
  1.5246323E-02  0.0000000E+00
  1.9607682E-02  0.0000000E+00
  1.9474611E-02  0.0000000E+00
  4.7468136E-05  0.0000000E+00
  2.3786187E-04  0.0000000E+00
  2.3676149E-04  0.0000000E+00
  3.9434042E-02  0.0000000E+00
  5.6817912E-02  0.0000000E+00
  5.0461061E-02  0.0000000E+00
  3.7984278E-02  0.0000000E+00
  3.7006225E-02  0.0000000E+00
  1.9812921E-02  0.0000000E+00
  1.9830581E-02  0.0000000E+00
  4.3910075E-02  0.0000000E+00
  4.2468287E-02  0.0000000E+00
  4.1344002E-02  0.0000000E+00
  2.7532473E-02  0.0000000E+00
  2.7493035E-02  0.0000000E+00
  6.0359567E-02  0.0000000E+00
  5.5643860E-02  0.0000000E+00
  4.8947721E-03  0.0000000E+00
  4.9179858E-03  0.0000000E+00
  3.3111457E-02  0.0000000E+00
  3.4395665E-02  0.0000000E+00
  3.4189120E-02  0.0000000E+00
  3.0862387E-02  0.0000000E+00
  3.1649102E-02  0.0000000E+00
  7.1952608E-03  0.0000000E+00
  9.4110956E-03  0.0000000E+00
  1.8864861E-05  0.0000000E+00
  1.8945146E-05  0.0000000E+00
  1.5609192E-02  0.0000000E+00
  1.7293638E-02  0.0000000E+00
  1.6797811E-02  0.0000000E+00
  1.3695313E-02  0.0000000E+00
  1.4217605E-02  0.0000000E+00
  1.5607824E-02  0.0000000E+00
  1.8943745E-05  0.0000000E+00
  1.8866942E-05  0.0000000E+00
  1.7260520E-02  0.0000000E+00
  1.7137064E-02  0.0000000E+00
  1.4215877E-02  0.0000000E+00
  1.3801447E-02  0.0000000E+00
  5.6315488E-03  0.0000000E+00
  8.0926158E-03  0.0000000E+00
  1.2875900E-02  0.0000000E+00
  0.0000000E+00  0.0000000E+00
  0.0000000E+00  0.0000000E+00
  0.0000000E+00  0.0000000E+00
  2.8130995E-05  0.0000000E+00
  2.8231480E-05  0.0000000E+00
  5.8569191E-03  0.0000000E+00
  8.0672447E-03  0.0000000E+00
  1.4023115E-02  0.0000000E+00
  1.3550924E-02  0.0000000E+00
  3.9594428E-04  0.0000000E+00
  1.1839300E-04  0.0000000E+00
  3.2810140E-02  0.0000000E+00
  2.5417443E-02  0.0000000E+00
  1.9047154E-02  0.0000000E+00
  1.7043704E-04  0.0000000E+00
  1.7138862E-04  0.0000000E+00
  4.9175651E-05  0.0000000E+00
  4.8950329E-05  0.0000000E+00
  2.5379365E-02  0.0000000E+00
  2.1450480E-02  0.0000000E+00
  3.2889202E-02  0.0000000E+00
  3.2721613E-02  0.0000000E+00
  1.7214643E-02  0.0000000E+00
  1.6528979E-02  0.0000000E+00
  3.6943126E-02  0.0000000E+00
  3.5934560E-02  0.0000000E+00
  3.3014264E-02  0.0000000E+00
  2.1070080E-02  0.0000000E+00
  2.7296017E-04  0.0000000E+00
  3.7002880E-02  0.0000000E+00
  3.6147416E-02  0.0000000E+00
  2.7483765E-02  0.0000000E+00
  3.3032518E-02  0.0000000E+00
  2.3638055E-02  0.0000000E+00
  2.2743357E-02  0.0000000E+00
 
 
 Day:        3000
 Recharge (mm), Soil Perc. (mm) for each HRU
  0.0000000E+00  0.0000000E+00
  0.0000000E+00  0.0000000E+00
  0.0000000E+00  0.0000000E+00
  0.0000000E+00  0.0000000E+00
  0.0000000E+00  0.0000000E+00
  0.0000000E+00  0.0000000E+00
  0.0000000E+00  0.0000000E+00
  0.0000000E+00  0.0000000E+00
  0.0000000E+00  0.0000000E+00
  0.0000000E+00  0.0000000E+00
  0.0000000E+00  0.0000000E+00
  0.0000000E+00  0.0000000E+00
  0.0000000E+00  0.0000000E+00
  0.0000000E+00  0.0000000E+00
  0.0000000E+00  0.0000000E+00
  0.0000000E+00  0.0000000E+00
  2.8008521E-05  0.0000000E+00
  0.0000000E+00  0.0000000E+00
  0.0000000E+00  0.0000000E+00
  4.7962066E-02  0.0000000E+00
  0.0000000E+00  0.0000000E+00
  0.0000000E+00  0.0000000E+00
  0.0000000E+00  0.0000000E+00
  0.0000000E+00  0.0000000E+00
  0.0000000E+00  0.0000000E+00
  0.0000000E+00  0.0000000E+00
  0.0000000E+00  0.0000000E+00
  0.0000000E+00  0.0000000E+00
  0.0000000E+00  0.0000000E+00
  0.0000000E+00  0.0000000E+00
  0.0000000E+00  0.0000000E+00
  0.0000000E+00  0.0000000E+00
  8.3714607E-05  0.0000000E+00
  0.0000000E+00  0.0000000E+00
  0.0000000E+00  0.0000000E+00
  0.0000000E+00  0.0000000E+00
  0.0000000E+00  0.0000000E+00
  0.0000000E+00  0.0000000E+00
  0.0000000E+00  0.0000000E+00
  0.0000000E+00  0.0000000E+00
  0.0000000E+00  0.0000000E+00
  0.0000000E+00  0.0000000E+00
  0.0000000E+00  0.0000000E+00
  0.0000000E+00  0.0000000E+00
  0.0000000E+00  0.0000000E+00
  0.0000000E+00  0.0000000E+00
  0.0000000E+00  0.0000000E+00
  0.0000000E+00  0.0000000E+00
  0.0000000E+00  0.0000000E+00
  0.0000000E+00  0.0000000E+00
  0.0000000E+00  0.0000000E+00
  0.0000000E+00  0.0000000E+00
  0.0000000E+00  0.0000000E+00
  0.0000000E+00  0.0000000E+00
  9.9673147E-05  0.0000000E+00
  0.0000000E+00  0.0000000E+00
  0.0000000E+00  0.0000000E+00
  0.0000000E+00  0.0000000E+00
  0.0000000E+00  0.0000000E+00
  0.0000000E+00  0.0000000E+00
  0.0000000E+00  0.0000000E+00
  0.0000000E+00  0.0000000E+00
  0.0000000E+00  0.0000000E+00
  1.5077504E-04  0.0000000E+00
  1.5053674E-04  0.0000000E+00
  8.9706168E-02  0.0000000E+00
  0.1693085      0.0000000E+00
  0.0000000E+00  0.0000000E+00
  0.0000000E+00  0.0000000E+00
  9.9688987E-05  0.0000000E+00
  0.0000000E+00  0.0000000E+00
  0.0000000E+00  0.0000000E+00
  1.9720292E-03  0.0000000E+00
  0.0000000E+00  0.0000000E+00
  0.0000000E+00  0.0000000E+00
  0.0000000E+00  0.0000000E+00
  0.0000000E+00  0.0000000E+00
  2.5786905E-05  0.0000000E+00
  2.6005500E-05  0.0000000E+00
  0.0000000E+00  0.0000000E+00
  0.0000000E+00  0.0000000E+00
  0.0000000E+00  0.0000000E+00
  0.0000000E+00  0.0000000E+00
  0.0000000E+00  0.0000000E+00
  0.0000000E+00  0.0000000E+00
  0.0000000E+00  0.0000000E+00
  0.0000000E+00  0.0000000E+00
  1.5666298E-04  0.0000000E+00
  2.0355769E-04  0.0000000E+00
  0.0000000E+00  0.0000000E+00
  0.0000000E+00  0.0000000E+00
  4.7436990E-02  0.0000000E+00
  6.2939157E-03  0.0000000E+00
  2.1159445E-04  0.0000000E+00
  0.1986067      0.0000000E+00
  0.2750638      0.0000000E+00
  0.2724054      0.0000000E+00
  1.0164602E-05  0.0000000E+00
  3.0367037E-05  0.0000000E+00
  1.1393585E-04  0.0000000E+00
  0.0000000E+00  0.0000000E+00
  0.0000000E+00  0.0000000E+00
  9.9301767E-05  0.0000000E+00
  9.5559903E-05  0.0000000E+00
  3.4740502E-03  0.0000000E+00
  1.3068330E-04  0.0000000E+00
  0.0000000E+00  0.0000000E+00
  0.0000000E+00  0.0000000E+00
  0.0000000E+00  0.0000000E+00
  0.0000000E+00  0.0000000E+00
  9.1806889E-02  0.0000000E+00
  2.0531277E-04  0.0000000E+00
  2.0395529E-04  0.0000000E+00
  0.1701062      0.0000000E+00
  0.1683941      0.0000000E+00
  1.6885085E-04  0.0000000E+00
  1.1395336E-04  0.0000000E+00
  9.9288271E-05  0.0000000E+00
  9.8445373E-05  0.0000000E+00
  3.1584806E-03  0.0000000E+00
  2.0797944E-03  0.0000000E+00
  0.0000000E+00  0.0000000E+00
  0.0000000E+00  0.0000000E+00
  0.0000000E+00  0.0000000E+00
  0.1924714      0.0000000E+00
  0.2684202      0.0000000E+00
  0.2576022      0.0000000E+00
  9.1717094E-02  0.0000000E+00
  8.4374882E-02  0.0000000E+00
  1.8146516E-04  0.0000000E+00
  1.8181415E-04  0.0000000E+00
  0.2358038      0.0000000E+00
  0.1218644      0.0000000E+00
  0.1136875      0.0000000E+00
  0.0000000E+00  0.0000000E+00
  0.0000000E+00  0.0000000E+00
  0.3111397      0.0000000E+00
  0.3003926      0.0000000E+00
  1.1577242E-04  0.0000000E+00
  1.1597812E-04  0.0000000E+00
  0.1210980      0.0000000E+00
  0.1977602      0.0000000E+00
  0.1959933      0.0000000E+00
  1.5501347E-02  0.0000000E+00
  2.0759175E-02  0.0000000E+00
  3.3967881E-05  0.0000000E+00
  5.0642138E-05  0.0000000E+00
  0.0000000E+00  0.0000000E+00
  0.0000000E+00  0.0000000E+00
  8.8612076E-05  0.0000000E+00
  1.9993080E-02  0.0000000E+00
  1.4859831E-02  0.0000000E+00
  7.3033465E-05  0.0000000E+00
  7.7049386E-05  0.0000000E+00
  8.8601366E-05  0.0000000E+00
  0.0000000E+00  0.0000000E+00
  0.0000000E+00  0.0000000E+00
  1.9644331E-02  0.0000000E+00
  1.8437864E-02  0.0000000E+00
  7.7036450E-05  0.0000000E+00
  7.3806063E-05  0.0000000E+00
  3.5287969E-05  0.0000000E+00
  5.8231813E-05  0.0000000E+00
  9.8063618E-05  0.0000000E+00
  0.0000000E+00  0.0000000E+00
  0.0000000E+00  0.0000000E+00
  0.0000000E+00  0.0000000E+00
  0.0000000E+00  0.0000000E+00
  0.0000000E+00  0.0000000E+00
  3.7411945E-05  0.0000000E+00
  5.8003225E-05  0.0000000E+00
  1.1715301E-04  0.0000000E+00
  1.1266620E-04  0.0000000E+00
  7.2652178E-06  0.0000000E+00
  2.3277382E-06  0.0000000E+00
  9.6795999E-02  0.0000000E+00
  2.3437185E-04  0.0000000E+00
  1.7464462E-04  0.0000000E+00
  0.0000000E+00  0.0000000E+00
  0.0000000E+00  0.0000000E+00
  0.0000000E+00  0.0000000E+00
  0.0000000E+00  0.0000000E+00
  2.3410624E-04  0.0000000E+00
  1.9768896E-04  0.0000000E+00
  0.1729816      0.0000000E+00
  0.1714530      0.0000000E+00
  1.8785360E-04  0.0000000E+00
  1.8001055E-04  0.0000000E+00
  0.1295826      0.0000000E+00
  0.1216463      0.0000000E+00
  2.9422127E-04  0.0000000E+00
  1.7015223E-04  0.0000000E+00
  0.0000000E+00  0.0000000E+00
  0.2053313      0.0000000E+00
  0.1973538      0.0000000E+00
  2.3713590E-04  0.0000000E+00
  2.9441377E-04  0.0000000E+00
  1.9063895E-04  0.0000000E+00
  1.7938857E-04  0.0000000E+00
 
 
 Day:        4000
 Recharge (mm), Soil Perc. (mm) for each HRU
  0.0000000E+00  0.0000000E+00
  0.0000000E+00  0.0000000E+00
  0.0000000E+00  0.0000000E+00
  0.0000000E+00  0.0000000E+00
  0.0000000E+00  0.0000000E+00
  0.0000000E+00  0.0000000E+00
  0.0000000E+00  0.0000000E+00
  0.0000000E+00  0.0000000E+00
  0.0000000E+00  0.0000000E+00
  0.0000000E+00  0.0000000E+00
  0.0000000E+00  0.0000000E+00
  0.0000000E+00  0.0000000E+00
  0.0000000E+00  0.0000000E+00
  0.0000000E+00  0.0000000E+00
  0.0000000E+00  0.0000000E+00
  0.0000000E+00  0.0000000E+00
  0.1085411      0.0000000E+00
  2.7156869E-02  0.0000000E+00
  2.7393881E-02  0.0000000E+00
  0.8624678      0.0000000E+00
  0.0000000E+00  0.0000000E+00
  0.0000000E+00  0.0000000E+00
  0.1314216      4.0991060E-02
  0.1374119      4.1986234E-02
  0.0000000E+00  0.0000000E+00
  0.0000000E+00  0.0000000E+00
  0.0000000E+00  0.0000000E+00
  0.0000000E+00  0.0000000E+00
  0.0000000E+00  0.0000000E+00
  0.0000000E+00  0.0000000E+00
  0.0000000E+00  0.0000000E+00
  0.0000000E+00  0.0000000E+00
  0.2447784      0.0000000E+00
  0.0000000E+00  0.0000000E+00
  0.0000000E+00  0.0000000E+00
  0.0000000E+00  0.0000000E+00
  0.0000000E+00  0.0000000E+00
  0.0000000E+00  0.0000000E+00
  0.0000000E+00  0.0000000E+00
  0.0000000E+00  0.0000000E+00
  0.0000000E+00  0.0000000E+00
  0.0000000E+00  0.0000000E+00
  0.0000000E+00  0.0000000E+00
  0.0000000E+00  0.0000000E+00
  0.0000000E+00  0.0000000E+00
  0.0000000E+00  0.0000000E+00
  0.0000000E+00  0.0000000E+00
  0.0000000E+00  0.0000000E+00
  0.0000000E+00  0.0000000E+00
  0.0000000E+00  0.0000000E+00
  0.0000000E+00  0.0000000E+00
  0.0000000E+00  0.0000000E+00
  0.0000000E+00  0.0000000E+00
  0.0000000E+00  0.0000000E+00
  0.1372318      0.0000000E+00
  6.4655975E-03  0.0000000E+00
  6.3781263E-03  0.0000000E+00
  0.0000000E+00  0.0000000E+00
  0.0000000E+00  0.0000000E+00
  0.0000000E+00  0.0000000E+00
  0.0000000E+00  0.0000000E+00
  1.6888301E-03  0.0000000E+00
  1.5001695E-03  0.0000000E+00
  0.2531772      0.1388884    
  0.2526210      0.1381471    
  0.6846706      0.0000000E+00
  0.8134881      0.0000000E+00
  6.3838768E-03  0.0000000E+00
  6.4633959E-03  0.0000000E+00
  0.1372918      0.0000000E+00
  0.0000000E+00  0.0000000E+00
  0.0000000E+00  0.0000000E+00
  0.2749457      0.0000000E+00
  0.0000000E+00  0.0000000E+00
  0.0000000E+00  0.0000000E+00
  0.0000000E+00  0.0000000E+00
  0.0000000E+00  0.0000000E+00
  1.7867284E-02  0.0000000E+00
  1.8018303E-02  0.0000000E+00
  0.0000000E+00  0.0000000E+00
  0.0000000E+00  0.0000000E+00
  0.0000000E+00  0.0000000E+00
  0.0000000E+00  0.0000000E+00
  0.0000000E+00  0.0000000E+00
  0.0000000E+00  0.0000000E+00
  0.0000000E+00  0.0000000E+00
  0.0000000E+00  0.0000000E+00
  0.2363566      0.0000000E+00
  0.3396566      0.0000000E+00
  0.0000000E+00  0.0000000E+00
  0.0000000E+00  0.0000000E+00
  0.5293539      0.0000000E+00
  0.3970185      0.0000000E+00
  0.3159372      0.0000000E+00
  0.7730706      0.0000000E+00
  0.8993396      0.0000000E+00
  0.8914354      0.0000000E+00
  5.4236315E-02  0.0000000E+00
  7.2157882E-02  0.0000000E+00
  0.1475924      0.0000000E+00
  0.0000000E+00  0.0000000E+00
  0.0000000E+00  0.0000000E+00
  0.1032063      0.0000000E+00
  0.1004102      0.0000000E+00
  0.2764534      0.0000000E+00
  0.2610952      0.0000000E+00
  4.8938375E-02  0.0000000E+00
  4.9064543E-02  0.0000000E+00
  0.0000000E+00  0.0000000E+00
  0.0000000E+00  0.0000000E+00
  0.6424867      0.0000000E+00
  0.4684850      0.0000000E+00
  0.4644326      0.0000000E+00
  0.7617884      0.0000000E+00
  0.7558216      0.0000000E+00
  0.2703195      8.3418638E-02
  0.1476584      0.0000000E+00
  0.1031969      0.0000000E+00
  0.1025791      0.0000000E+00
  0.2755144      0.0000000E+00
  0.2722456      0.0000000E+00
  4.8938375E-02  0.0000000E+00
  0.1894424      0.0000000E+00
  0.1886010      0.0000000E+00
  0.9357662      0.0000000E+00
   1.065594      0.0000000E+00
   1.027955      0.0000000E+00
  0.7622341      0.0000000E+00
  0.7365632      0.0000000E+00
  0.5085981      0.4532422    
  0.5094185      0.4544008    
  0.7917209      0.0000000E+00
  0.5891414      0.0000000E+00
  0.5575385      0.0000000E+00
  0.2566691      2.8009934E-02
  0.2558671      2.7154302E-02
  0.9194308      0.0000000E+00
  0.8879506      0.0000000E+00
  0.3429121      0.2088030    
  0.3435311      0.2095603    
  0.7376165      0.0000000E+00
  0.8648819      0.0000000E+00
  0.8584033      0.0000000E+00
  0.5466083      0.0000000E+00
  0.5658616      0.0000000E+00
  9.3361102E-02  0.0000000E+00
  0.1113535      0.0000000E+00
  6.7177184E-02  0.0000000E+00
  6.7307658E-02  0.0000000E+00
  0.2045629      0.0000000E+00
  0.3347421      0.0000000E+00
  0.3181894      0.0000000E+00
  0.1112941      0.0000000E+00
  0.1147130      0.0000000E+00
  0.2045196      0.0000000E+00
  6.7304507E-02  0.0000000E+00
  6.7180306E-02  0.0000000E+00
  0.3336616      0.0000000E+00
  0.3299418      0.0000000E+00
  0.1147031      0.0000000E+00
  0.1121369      0.0000000E+00
  0.1122356      0.0000000E+00
  0.1370770      0.0000000E+00
  0.2216791      0.0000000E+00
  0.0000000E+00  0.0000000E+00
  0.0000000E+00  0.0000000E+00
  0.0000000E+00  0.0000000E+00
  0.1135589      0.0000000E+00
  0.1137554      0.0000000E+00
  0.1145388      0.0000000E+00
  0.1368244      0.0000000E+00
  0.3480085      0.0000000E+00
  0.3287109      0.0000000E+00
  0.1165619      0.0000000E+00
  0.1111675      0.0000000E+00
  0.9341543      0.0000000E+00
  0.7560518      0.0000000E+00
  0.5221038      0.0000000E+00
  0.2845640      0.0000000E+00
  0.2858759      0.0000000E+00
  0.3273363      8.7459780E-02
  0.3265334      8.7108888E-02
  0.7549668      0.0000000E+00
  0.6102237      0.0000000E+00
   1.055766      0.0000000E+00
   1.049136      0.0000000E+00
  0.5755914      0.0000000E+00
  0.5479105      0.0000000E+00
  0.8457724      0.0000000E+00
  0.8136789      0.0000000E+00
  0.6394042      0.0000000E+00
  0.3163172      0.0000000E+00
  0.0000000E+00  0.0000000E+00
  0.9665100      0.0000000E+00
  0.9358870      0.0000000E+00
  0.4882842      0.0000000E+00
  0.6398799      0.0000000E+00
  0.4925702      0.0000000E+00
  0.4645234      0.0000000E+00
 
 
 Day:        5000
 Recharge (mm), Soil Perc. (mm) for each HRU
  0.0000000E+00  0.0000000E+00
  0.0000000E+00  0.0000000E+00
  0.0000000E+00  0.0000000E+00
  0.0000000E+00  0.0000000E+00
  0.0000000E+00  0.0000000E+00
  0.0000000E+00  0.0000000E+00
  0.0000000E+00  0.0000000E+00
  0.0000000E+00  0.0000000E+00
  0.0000000E+00  0.0000000E+00
  0.0000000E+00  0.0000000E+00
  0.0000000E+00  0.0000000E+00
  0.0000000E+00  0.0000000E+00
  0.0000000E+00  0.0000000E+00
  0.0000000E+00  0.0000000E+00
  0.0000000E+00  0.0000000E+00
  0.0000000E+00  0.0000000E+00
   2.210848       9.822871    
   1.015675       8.136683    
   1.022683       8.192827    
   6.273431       9.389588    
  0.0000000E+00  0.0000000E+00
  0.0000000E+00  0.0000000E+00
  0.0000000E+00  0.0000000E+00
  0.0000000E+00  0.0000000E+00
  0.0000000E+00  0.0000000E+00
  0.0000000E+00  0.0000000E+00
  0.0000000E+00  0.0000000E+00
  0.0000000E+00  0.0000000E+00
  0.0000000E+00  0.0000000E+00
  0.0000000E+00  0.0000000E+00
  0.0000000E+00  0.0000000E+00
  0.0000000E+00  0.0000000E+00
   3.741064       6.874098    
  0.0000000E+00  0.0000000E+00
  0.0000000E+00  0.0000000E+00
  0.0000000E+00  0.0000000E+00
  0.0000000E+00  0.0000000E+00
  0.0000000E+00  0.0000000E+00
  0.0000000E+00  0.0000000E+00
  0.0000000E+00  0.0000000E+00
  0.0000000E+00  0.0000000E+00
  0.0000000E+00  0.0000000E+00
  0.0000000E+00  0.0000000E+00
  0.0000000E+00  0.0000000E+00
  0.0000000E+00  0.0000000E+00
  0.0000000E+00  0.0000000E+00
  0.0000000E+00  0.0000000E+00
  0.0000000E+00  0.0000000E+00
  0.0000000E+00  0.0000000E+00
  0.0000000E+00  0.0000000E+00
  0.0000000E+00  0.0000000E+00
  0.0000000E+00  0.0000000E+00
  0.0000000E+00  0.0000000E+00
  0.0000000E+00  0.0000000E+00
   5.160435       9.071109    
  0.3940810       3.157026    
  0.3931479       3.149551    
  0.0000000E+00  0.0000000E+00
  0.0000000E+00  0.0000000E+00
  0.0000000E+00  0.0000000E+00
  0.0000000E+00  0.0000000E+00
   3.244849       13.87735    
   3.132146       13.57510    
   2.740110       7.750597    
   2.736901       7.746829    
   8.558051       13.42552    
   8.378742       13.41832    
  0.3932073       3.150027    
  0.3940584       3.156845    
   5.160952       9.072069    
  0.0000000E+00  0.0000000E+00
  0.0000000E+00  0.0000000E+00
   5.075480       9.075676    
  0.2529975       2.026791    
  0.2414328       1.934144    
  0.0000000E+00  0.0000000E+00
  0.0000000E+00  0.0000000E+00
   3.018761       6.365824    
   3.025039       6.376769    
  0.0000000E+00  0.0000000E+00
  0.0000000E+00  0.0000000E+00
  0.5550679       4.446710    
  0.6008575       4.813536    
  0.0000000E+00  0.0000000E+00
  0.0000000E+00  0.0000000E+00
  0.0000000E+00  0.0000000E+00
  0.0000000E+00  0.0000000E+00
   10.22854       15.87659    
   11.56434       17.67155    
  0.0000000E+00  0.0000000E+00
  0.0000000E+00  0.0000000E+00
   12.43191       17.77725    
   10.91037       15.78686    
   9.954533       14.53178    
   13.29010       18.10685    
   13.49465       18.04367    
   13.43659       17.96327    
   3.700174       8.312973    
   4.323766       9.287992    
   5.351769       9.541938    
  0.0000000E+00  0.0000000E+00
  0.0000000E+00  0.0000000E+00
   5.787030       9.511725    
   5.660724       9.319938    
   5.283194       9.543093    
   5.186836       9.358154    
  0.7103781       4.221292    
  0.7119127       4.226875    
  0.0000000E+00  0.0000000E+00
  0.0000000E+00  0.0000000E+00
   9.111510       14.37369    
   10.01571       14.32684    
   9.967822       14.25794    
   8.843987       14.33727    
   8.809218       14.27211    
   3.073218       8.199704    
   5.352298       9.542933    
   5.786534       9.510978    
   5.757147       9.466201    
   5.277101       9.531369    
   5.254955       9.489000    
  0.7103789       4.221294    
  0.5460848       4.374744    
  0.5613554       4.497079    
   10.39336       16.76760    
   10.21148       16.73235    
   10.01513       16.37476    
   11.25956       16.71313    
   10.99565       16.33537    
   4.772168       9.011023    
   4.775661       9.015256    
   12.80154       18.85303    
   12.63549       18.78936    
   12.33213       18.35070    
   4.357860       9.634359    
   4.354012       9.630456    
   13.02899       18.78573    
   12.80351       18.47249    
   2.730650       8.127007    
   2.733615       8.130820    
   8.803039       14.81279    
   8.598107       14.77429    
   8.563225       14.70907    
   9.456952       14.45716    
   9.660597       14.75635    
   4.295162       8.503142    
   4.914690       9.465007    
  0.4260716       3.413306    
  0.4270136       3.420852    
   5.200781       9.657129    
   5.126152       9.661035    
   5.032561       9.473981    
   5.430257       9.383902    
   5.581038       9.618557    
   5.200522       9.656615    
  0.4269923       3.420682    
  0.4260991       3.413526    
   5.119877       9.648463    
   5.096984       9.602959    
   5.580548       9.617796    
   5.461593       9.430941    
   3.915668       8.247541    
   4.588896       9.454245    
   4.858366       9.642776    
  0.0000000E+00  0.0000000E+00
  0.0000000E+00  0.0000000E+00
  0.0000000E+00  0.0000000E+00
  0.7026519       4.267299    
  0.7040523       4.272473    
   3.978266       8.359555    
   4.582078       9.441996    
   5.053334       9.647781    
   4.935516       9.429141    
   4.005197       9.407896    
   3.858355       9.140875    
   10.22603       16.60963    
   9.847339       16.30761    
   7.907124       13.21068    
   2.216932       14.61800    
   2.207557       14.61918    
  0.0000000E+00  0.0000000E+00
  0.0000000E+00  0.0000000E+00
   9.838226       16.29359    
   8.647345       14.39364    
   10.40802       16.55785    
   10.36881       16.49279    
   9.137173       16.17904    
   8.892283       15.77560    
   13.13318       18.63997    
   12.86947       18.25561    
   12.27379       18.30584    
   8.560743       13.22550    
  0.0000000E+00  0.0000000E+00
   13.34662       18.57919    
   13.11669       18.24840    
   10.56232       15.97216    
   12.27957       18.31371    
   11.36421       18.18019    
   11.03507       17.71911    
 
 
 Day:        6000
 Recharge (mm), Soil Perc. (mm) for each HRU
  0.0000000E+00  0.0000000E+00
  0.0000000E+00  0.0000000E+00
  0.0000000E+00  0.0000000E+00
  0.0000000E+00  0.0000000E+00
  0.0000000E+00  0.0000000E+00
  0.0000000E+00  0.0000000E+00
  0.0000000E+00  0.0000000E+00
  0.0000000E+00  0.0000000E+00
  0.0000000E+00  0.0000000E+00
  0.0000000E+00  0.0000000E+00
  0.0000000E+00  0.0000000E+00
  0.0000000E+00  0.0000000E+00
  0.0000000E+00  0.0000000E+00
  0.0000000E+00  0.0000000E+00
  0.0000000E+00  0.0000000E+00
  0.0000000E+00  0.0000000E+00
   1.192218       3.492160    
  0.0000000E+00  0.0000000E+00
  0.0000000E+00  0.0000000E+00
   2.262579       3.620305    
  0.0000000E+00  0.0000000E+00
  0.0000000E+00  0.0000000E+00
  0.0000000E+00  0.0000000E+00
  0.0000000E+00  0.0000000E+00
  0.0000000E+00  0.0000000E+00
  0.0000000E+00  0.0000000E+00
  0.0000000E+00  0.0000000E+00
  0.0000000E+00  0.0000000E+00
  0.0000000E+00  0.0000000E+00
  0.0000000E+00  0.0000000E+00
  0.0000000E+00  0.0000000E+00
  0.0000000E+00  0.0000000E+00
  0.9528852       2.275989    
  0.0000000E+00  0.0000000E+00
  0.0000000E+00  0.0000000E+00
  0.0000000E+00  0.0000000E+00
  0.0000000E+00  0.0000000E+00
  0.0000000E+00  0.0000000E+00
  0.0000000E+00  0.0000000E+00
  0.0000000E+00  0.0000000E+00
  0.0000000E+00  0.0000000E+00
  0.0000000E+00  0.0000000E+00
  0.0000000E+00  0.0000000E+00
  0.0000000E+00  0.0000000E+00
  0.0000000E+00  0.0000000E+00
  0.0000000E+00  0.0000000E+00
  0.0000000E+00  0.0000000E+00
  0.0000000E+00  0.0000000E+00
  0.0000000E+00  0.0000000E+00
  0.0000000E+00  0.0000000E+00
  0.0000000E+00  0.0000000E+00
  0.0000000E+00  0.0000000E+00
  0.0000000E+00  0.0000000E+00
  0.0000000E+00  0.0000000E+00
   1.147906       4.374304    
  0.0000000E+00  0.0000000E+00
  0.0000000E+00  0.0000000E+00
  0.0000000E+00  0.0000000E+00
  0.0000000E+00  0.0000000E+00
  0.0000000E+00  0.0000000E+00
  0.0000000E+00  0.0000000E+00
  0.0000000E+00  0.0000000E+00
  0.0000000E+00  0.0000000E+00
   1.283275       2.816546    
   1.281535       2.814471    
   2.688434       6.936634    
   2.927081       6.952891    
  0.0000000E+00  0.0000000E+00
  0.0000000E+00  0.0000000E+00
   1.148137       4.374737    
  0.0000000E+00  0.0000000E+00
  0.0000000E+00  0.0000000E+00
   1.362294       4.419784    
  0.0000000E+00  0.0000000E+00
  0.0000000E+00  0.0000000E+00
  0.0000000E+00  0.0000000E+00
  0.0000000E+00  0.0000000E+00
  3.3065744E-02  0.0000000E+00
  3.4438647E-02  0.0000000E+00
  0.0000000E+00  0.0000000E+00
  0.0000000E+00  0.0000000E+00
  0.0000000E+00  0.0000000E+00
  0.0000000E+00  0.0000000E+00
  0.0000000E+00  0.0000000E+00
  0.0000000E+00  0.0000000E+00
  0.0000000E+00  0.0000000E+00
  0.0000000E+00  0.0000000E+00
   3.469829       9.338125    
   3.953484       10.47087    
  0.0000000E+00  0.0000000E+00
  0.0000000E+00  0.0000000E+00
   4.298070       10.69354    
   3.733387       9.420285    
   3.379820       8.620294    
   4.404405       11.09860    
   4.583470       11.32503    
   4.558600       11.28407    
  0.2391585       1.810778    
  0.5424933       4.212251    
   1.271283       5.326913    
  0.0000000E+00  0.0000000E+00
  0.0000000E+00  0.0000000E+00
   1.154337       5.238511    
   1.113820       5.141124    
   1.521587       5.381940    
   1.468184       5.278991    
  1.1894006E-03  0.0000000E+00
  1.2159055E-03  0.0000000E+00
  0.0000000E+00  0.0000000E+00
  0.0000000E+00  0.0000000E+00
   2.954480       8.513251    
   2.818076       8.404264    
   2.800145       8.362970    
   3.189440       8.518889    
   3.168887       8.485847    
   1.493874       3.272228    
   1.271543       5.327433    
   1.154178       5.238138    
   1.144670       5.215757    
   1.518198       5.375397    
   1.505918       5.351597    
  1.1894958E-03  0.0000000E+00
   2.879786       9.942428    
   2.873272       9.931678    
   5.076180       19.51300    
   5.242438       19.57438    
   5.121893       19.23121    
   4.915232       19.28224    
   4.799698       18.90141    
   2.550509       6.098247    
   2.551445       6.099817    
   5.794569       22.83176    
   5.615028       22.59981    
   5.477785       22.14326    
   2.951890       7.063897    
   2.949304       7.061397    
   5.954361       22.79918    
   5.846263       22.49505    
   1.591176       5.003449    
   1.592923       5.005437    
   3.923776       16.54982    
   4.193653       16.59497    
   4.170159       16.53637    
   3.673300       16.04756    
   3.761658       16.33246    
   1.083198       7.864931    
   1.366177       8.904177    
  7.2016329E-02  0.5640277    
  7.2599113E-02  0.5684813    
   1.687258       9.116510    
   1.957625       9.208673    
   1.899342       9.055898    
   1.482235       8.776471    
   1.540669       8.969873    
   1.687113       9.116103    
  7.2586268E-02  0.5683830    
  7.2032362E-02  0.5641500    
   1.953712       9.198435    
   1.939399       9.160907    
   1.540482       8.969276    
   1.495046       8.824535    
  0.6182189       1.121750    
  0.8644573       1.524458    
   1.073464       1.561215    
  0.0000000E+00  0.0000000E+00
  0.0000000E+00  0.0000000E+00
  0.0000000E+00  0.0000000E+00
  0.3917548      0.4567950    
  0.3928881      0.4580651    
  0.6410223       1.196351    
  0.8619216       1.521827    
   1.317342       1.556310    
   1.259437       1.512576    
  0.5673397      0.9681227    
  0.5173643      0.8032132    
   3.489467       2.309012    
   3.346244       2.098904    
   2.578592       1.605103    
   2.883206       2.432290    
   2.893737       2.442462    
   1.325955       1.818922    
   1.326651       1.817042    
   3.342913       2.096772    
   2.869765       1.792511    
   3.681533       2.446124    
   3.663238       2.436095    
   3.017415       2.079729    
   2.924327       2.015450    
   3.907393       2.430201    
   3.804177       2.374744    
   3.759600       2.153746    
   2.527357       1.424212    
  0.0000000E+00  0.0000000E+00
   4.110168       2.568603    
   4.011362       2.515573    
   3.189457       1.815369    
   3.761633       2.154919    
   3.412920       2.163592    
   3.305991       2.095733    
 
