         220
            1         1769            1
            5
     31.00000
            2         1770            1
            5
    349.00000
            3         1843            1
            5
    333.00000
            4         1844            1
            5
    266.00000
            5         1917            1
            5
    581.00000
            6         1918            1
            5
     66.00000
            7         1991            1
            5
    445.00000
            8         1992            1
            5
    375.00000
            9         2065            1
            5
    219.00000
           10         2066            1
            5
    504.00000
           11         2139            1
            5
    465.00000
           12         2212            1
            5
     52.00000
           13         2213            1
            5
    412.00000
           14         2285            1
            5
     46.00000
           15         2286            1
            5
    393.00000
           16         2358            1
            5
    414.00000
           17         2431            1
            5
    142.00000
           18         2432            1
            5
    403.00000
           19         2505            1
            5
    190.00000
           20         2506            1
            5
    462.00000
           21         2578            1
            5
    266.00000
           22         2579            1
            5
    481.00000
           23         2580            1
            5
    413.00000
           24         2581            1
            5
    467.00000
           25         2582            1
            5
    115.00000
           26         2655            1
            5
    483.00000
           27         2684            1
            4
     27.00000
           28         2685            1
            4
    230.00000
           29         2728            1
            5
    460.00000
           30         2756            1
            4
    473.00000
           31         2757            1
            4
    451.00000
           32         2801            1
            5
    450.00000
           33         2829            1
            4
    440.00000
           34         2872            1
            5
    297.00000
           35         2873            1
            5
    454.00000
           36         2874            1
            5
     31.00000
           37         2902            1
            4
    476.00000
           38         2945            1
            5
    245.00000
           39         2946            1
            5
    481.00000
           40         2947            1
            5
    293.00000
           41         2953            1
            3
    251.00000
           42         2973            1
            4
    460.00000
           43         2974            1
            4
    491.00000
           44         2975            1
            4
    108.00000
           45         3020            1
            5
    462.00000
           46         3026            1
            3
    384.00000
           47         3027            1
            3
    211.00000
           48         3045            1
            4
    423.00000
           49         3046            1
            4
     55.00000
           50         3093            1
            5
    127.00000
           51         3094            1
            5
    413.00000
           52         3100            1
            3
    527.00000
           53         3118            1
            4
    431.00000
           54         3167            1
            5
    221.00000
           55         3168            1
            5
    466.00000
           56         3169            1
            5
    246.00000
           57         3173            1
            3
    190.00000
           58         3174            1
            3
    433.00000
           59         3191            1
            4
    236.00000
           60         3192            1
            4
    249.00000
           61         3242            1
            5
    519.00000
           62         3247            1
            3
    477.00000
           63         3265            1
            4
    439.00000
           64         3315            1
            5
    425.00000
           65         3320            1
            3
    552.00000
           66         3336            1
            4
    332.00000
           67         3337            1
            4
    526.00000
           68         3338            1
            4
     75.00000
           69         3388            1
            5
    388.00000
           70         3389            1
            5
    413.00000
           71         3390            1
            5
    474.00000
           72         3393            1
            3
    450.00000
           73         3408            1
            4
    383.00000
           74         3409            1
            4
    168.00000
           75         3463            1
            5
    124.00000
           76         3464            1
            5
    341.00000
           77         3466            1
            3
    303.00000
           78         3467            1
            3
    234.00000
           79         3480            1
            4
    121.00000
           80         3481            1
            4
    406.00000
           81         3537            1
            5
    542.00000
           82         3538            1
            5
     86.00000
           83         3539            1
            5
    312.00000
           84         3540            2
            3            5
    443.00000    328.00000
           85         3541            1
            3
    488.00000
           86         3542            1
            3
     76.00000
           87         3545            1
            2
     83.00000
           88         3546            1
            2
    136.00000
           89         3553            1
            4
    538.00000
           90         3611            1
            5
    521.00000
           91         3612            1
            5
    179.00000
           92         3613            1
            5
    157.00000
           93         3614            1
            5
    450.00000
           94         3615            3
            2            3            5
    296.00000    144.00000    221.00000
           95         3616            1
            2
    439.00000
           96         3617            1
            2
    465.00000
           97         3618            1
            2
    378.00000
           98         3619            1
            2
    484.00000
           99         3620            1
            2
     58.00000
          100         3626            1
            4
    506.00000
          101         3693            1
            2
    440.00000
          102         3698            1
            4
    146.00000
          103         3699            1
            4
    359.00000
          104         3766            1
            2
    515.00000
          105         3771            1
            2
     60.00000
          106         3772            3
            1            2            4
    120.00000    306.00000    479.00000
          107         3773            1
            1
    228.00000
          108         3839            1
            2
    485.00000
          109         3840            1
            2
     73.00000
          110         3843            1
            2
    164.00000
          111         3844            1
            2
    581.00000
          112         3846            1
            1
    387.00000
          113         3847            1
            1
    314.00000
          114         3913            1
            2
    415.00000
          115         3914            1
            2
    413.00000
          116         3915            1
            2
    516.00000
          117         3916            1
            2
    401.00000
          118         3920            1
            1
    235.00000
          119         3921            1
            1
    359.00000
          120         3994            1
            1
    514.00000
          121         4067            1
            1
     85.00000
          122         4068            1
            1
    452.00000
          123         4069            1
            1
    517.00000
          124         4141            1
            1
     38.00000
          125         4142            1
            1
    491.00000
          126         4214            1
            1
    503.00000
          127         4287            1
            1
    436.00000
          128         4360            1
            1
    467.00000
          129         4433            1
            1
     46.00000
          130         4434            1
            1
    545.00000
          131         4435            1
            1
    444.00000
          132         4436            1
            1
    100.00000
          133         4509            1
            1
    541.00000
          134         4582            1
            1
    335.00000
          135         4583            1
            1
    155.00000
          136         4655            1
            1
    564.00000
          137         4656            1
            1
     59.00000
          138         4728            1
            1
    452.00000
          139         4801            1
            1
    470.00000
          140         4874            1
            1
    432.00000
          141         4947            1
            1
    412.00000
          142         4948            1
            1
     76.00000
          143         5021            1
            1
    545.00000
          144         5094            1
            1
     87.00000
          145         5095            1
            1
    466.00000
          146         5168            1
            1
    439.00000
          147         5241            1
            1
    473.00000
          148         5310            1
            1
    522.00000
          149         5311            1
            1
    465.00000
          150         5312            1
            1
    439.00000
          151         5313            1
            1
    453.00000
          152         5314            1
            1
    231.00000
          153         5383            1
            1
    469.00000
          154         5456            1
            1
    132.00000
          155         5457            1
            1
    330.00000
          156         5529            1
            1
    389.00000
          157         5530            1
            1
    270.00000
          158         5601            1
            1
    600.00000
          159         5602            1
            1
    114.00000
          160         5674            1
            1
    281.00000
          161         5675            1
            1
    450.00000
          162         5676            1
            1
    360.00000
          163         5749            1
            1
    198.00000
          164         5750            1
            1
    297.00000
          165         5823            1
            1
    456.00000
          166         5896            1
            1
    475.00000
          167         5969            1
            1
    411.00000
          168         6042            1
            1
    488.00000
          169         6112            1
            1
     19.00000
          170         6113            1
            1
     71.00000
          171         6114            1
            1
    411.00000
          172         6115            1
            1
    164.00000
          173         6185            1
            1
    443.00000
          174         6186            1
            1
    561.00000
          175         6187            1
            1
    204.00000
          176         6258            1
            1
    452.00000
          177         6259            1
            1
     56.00000
          178         6332            1
            1
    590.00000
          179         6333            1
            1
     56.00000
          180         6406            1
            1
    445.00000
          181         6407            1
            1
    426.00000
          182         6408            1
            1
    744.00000
          183         6481            1
            1
    519.00000
          184         6553            1
            1
    273.00000
          185         6554            1
            1
    233.00000
          186         6624            1
            1
    376.00000
          187         6625            1
            1
    494.00000
          188         6626            1
            1
    409.00000
          189         6697            1
            1
    458.00000
          190         6770            1
            1
    179.00000
          191         6771            1
            1
    506.00000
          192         6772            1
            1
    538.00000
          193         6773            1
            1
    466.00000
          194         6846            1
            1
    196.00000
          195         6847            1
            1
    311.00000
          196         6918            1
            1
    186.00000
          197         6919            1
            1
    468.00000
          198         6991            1
            1
    195.00000
          199         6992            1
            1
    620.00000
          200         7062            1
            1
    424.00000
          201         7063            1
            1
    480.00000
          202         7065            1
            1
     77.00000
          203         7066            1
            1
    349.00000
          204         7135            1
            1
    456.00000
          205         7136            1
            1
    335.00000
          206         7137            1
            1
    606.00000
          207         7138            1
            1
    552.00000
          208         7139            1
            1
     98.00000
          209         7208            1
            1
    330.00000
          210         7209            1
            1
    158.00000
          211         7281            1
            1
     54.00000
          212         7282            1
            1
    637.00000
          213         7355            1
            1
    244.00000
          214         7356            1
            1
    472.00000
          215         7357            1
            1
    255.00000
          216         7430            1
            1
    237.00000
          217         7431            1
            1
    432.00000
          218         7504            1
            1
    488.00000
          219         7505            1
            1
     36.00000
          220         7577            1
            1
    339.00000
