 Yearly Averaged Recharge Values from SWAT
 
 year:        2005
  0.0000000E+00
  0.0000000E+00
  0.0000000E+00
  0.0000000E+00
  0.0000000E+00
  0.0000000E+00
  0.0000000E+00
  0.0000000E+00
  0.0000000E+00
  0.0000000E+00
  0.0000000E+00
  0.0000000E+00
  0.0000000E+00
  0.0000000E+00
  0.0000000E+00
  0.0000000E+00
  0.0000000E+00
  0.0000000E+00
  0.0000000E+00
  0.3441682    
  0.0000000E+00
  0.0000000E+00
  0.0000000E+00
  0.0000000E+00
  0.0000000E+00
  0.0000000E+00
  0.0000000E+00
  0.0000000E+00
  0.0000000E+00
  0.0000000E+00
  0.0000000E+00
  0.0000000E+00
  0.1402689    
  0.0000000E+00
  0.0000000E+00
  0.0000000E+00
  0.0000000E+00
  0.0000000E+00
  0.0000000E+00
  0.0000000E+00
  0.0000000E+00
  0.0000000E+00
  0.0000000E+00
  0.0000000E+00
  0.0000000E+00
  0.0000000E+00
  0.0000000E+00
  0.0000000E+00
  0.0000000E+00
  0.0000000E+00
  0.0000000E+00
  0.0000000E+00
  0.0000000E+00
  0.0000000E+00
  0.1531790    
  0.0000000E+00
  0.0000000E+00
  0.0000000E+00
  0.0000000E+00
  0.0000000E+00
  0.0000000E+00
  0.0000000E+00
  0.0000000E+00
  4.9832460E-02
  4.9719151E-02
  0.3594002    
  0.4220348    
  0.0000000E+00
  0.0000000E+00
  0.1532168    
  0.0000000E+00
  0.0000000E+00
  0.2099930    
  0.0000000E+00
  0.0000000E+00
  0.0000000E+00
  0.0000000E+00
  6.5141112E-02
  6.5406397E-02
  0.0000000E+00
  0.0000000E+00
  0.0000000E+00
  0.0000000E+00
  0.0000000E+00
  0.0000000E+00
  0.0000000E+00
  0.0000000E+00
  0.1723221    
  0.2081908    
  0.0000000E+00
  0.0000000E+00
  0.3201731    
  0.2546641    
  0.2174108    
  0.4675848    
  0.5414357    
  0.5376825    
  4.9871963E-02
  6.4554371E-02
  0.1641448    
  0.0000000E+00
  0.0000000E+00
  0.1328669    
  0.1286760    
  0.2242767    
  0.2157786    
  7.5628911E-03
  7.6226243E-03
  0.0000000E+00
  0.0000000E+00
  0.3717184    
  0.3211456    
  0.3187149    
  0.4332595    
  0.4301376    
  6.0379319E-02
  0.1641846    
  0.1328503    
  0.1318709    
  0.2237392    
  0.2217798    
  7.5628911E-03
  0.0000000E+00
  0.0000000E+00
  0.4237646    
  0.4850854    
  0.4692893    
  0.3827959    
  0.3699903    
  7.9801947E-02
  7.9936855E-02
  0.4420586    
  0.4038574    
  0.3900713    
  8.9172669E-02
  8.9019671E-02
  0.5057046    
  0.4928507    
  5.7606593E-02
  5.7728294E-02
  0.3407714    
  0.4046287    
  0.4017539    
  0.2860910    
  0.2959231    
  7.5141445E-02
  9.1315903E-02
  7.7216825E-03
  7.7822264E-03
  0.1487247    
  0.2057229    
  0.1978118    
  0.1125307    
  0.1180384    
  0.1487070    
  7.7808318E-03
  7.7235568E-03
  0.2051909    
  0.2032415    
  0.1180204    
  0.1136694    
  6.6015743E-02
  8.5514627E-02
  0.1511215    
  0.0000000E+00
  0.0000000E+00
  0.0000000E+00
  5.8902665E-03
  5.9366529E-03
  6.7782179E-02
  8.5258693E-02
  0.1992975    
  0.1908863    
  5.6133296E-02
  5.2340757E-02
  0.4550016    
  0.3437400    
  0.2303960    
  0.0000000E+00
  0.0000000E+00
  0.0000000E+00
  0.0000000E+00
  0.3431732    
  0.2714951    
  0.5180923    
  0.5149456    
  0.2362793    
  0.2240363    
  0.4893846    
  0.4740651    
  0.3508264    
  0.1936036    
  0.0000000E+00
  0.5496427    
  0.5348432    
  0.2756454    
  0.3511116    
  0.2311876    
  0.2200091    
 
 year:        2006
  0.0000000E+00
  0.0000000E+00
  0.0000000E+00
  0.0000000E+00
  0.0000000E+00
  0.0000000E+00
  0.0000000E+00
  0.0000000E+00
  0.0000000E+00
  0.0000000E+00
  0.0000000E+00
  0.0000000E+00
  0.0000000E+00
  0.0000000E+00
  0.0000000E+00
  0.0000000E+00
  0.0000000E+00
  0.0000000E+00
  0.0000000E+00
  0.2080752    
  0.0000000E+00
  0.0000000E+00
  0.0000000E+00
  0.0000000E+00
  0.0000000E+00
  0.0000000E+00
  0.0000000E+00
  0.0000000E+00
  0.0000000E+00
  0.0000000E+00
  0.0000000E+00
  0.0000000E+00
  6.9087148E-02
  0.0000000E+00
  0.0000000E+00
  0.0000000E+00
  0.0000000E+00
  0.0000000E+00
  0.0000000E+00
  0.0000000E+00
  0.0000000E+00
  0.0000000E+00
  0.0000000E+00
  0.0000000E+00
  0.0000000E+00
  0.0000000E+00
  0.0000000E+00
  0.0000000E+00
  0.0000000E+00
  0.0000000E+00
  0.0000000E+00
  0.0000000E+00
  0.0000000E+00
  0.0000000E+00
  4.9498014E-02
  0.0000000E+00
  0.0000000E+00
  0.0000000E+00
  0.0000000E+00
  0.0000000E+00
  0.0000000E+00
  0.0000000E+00
  0.0000000E+00
  0.0000000E+00
  0.0000000E+00
  0.1476832    
  0.2074939    
  0.0000000E+00
  0.0000000E+00
  4.9511157E-02
  0.0000000E+00
  0.0000000E+00
  7.7293403E-02
  0.0000000E+00
  0.0000000E+00
  0.0000000E+00
  0.0000000E+00
  6.8707722E-03
  6.9606560E-03
  0.0000000E+00
  0.0000000E+00
  0.0000000E+00
  0.0000000E+00
  0.0000000E+00
  0.0000000E+00
  0.0000000E+00
  0.0000000E+00
  1.1270963E-02
  1.9017661E-02
  0.0000000E+00
  0.0000000E+00
  6.0920034E-02
  4.2081550E-02
  3.1350307E-02
  0.1746073    
  0.2429519    
  0.2409020    
  0.0000000E+00
  1.5742247E-03
  5.4305043E-02
  0.0000000E+00
  0.0000000E+00
  3.5703920E-02
  3.3956151E-02
  8.7384947E-02
  8.3161801E-02
  0.0000000E+00
  0.0000000E+00
  0.0000000E+00
  0.0000000E+00
  0.1656153    
  0.1300478    
  0.1288389    
  0.2208693    
  0.2189590    
  0.0000000E+00
  5.4320171E-02
  3.5697218E-02
  3.5295993E-02
  8.7117150E-02
  8.6149551E-02
  0.0000000E+00
  0.0000000E+00
  0.0000000E+00
  0.2492793    
  0.3143248    
  0.3024080    
  0.2098781    
  0.2016683    
  1.7778469E-03
  1.7959503E-03
  0.2143105    
  0.1777005    
  0.1690141    
  0.0000000E+00
  0.0000000E+00
  0.2785528    
  0.2691594    
  0.0000000E+00
  0.0000000E+00
  0.1874362    
  0.2480306    
  0.2458884    
  0.1448977    
  0.1511228    
  9.2753395E-03
  1.8822849E-02
  0.0000000E+00
  0.0000000E+00
  6.0239103E-02
  9.8541468E-02
  9.3957752E-02
  3.6695935E-02
  3.9712634E-02
  6.0230955E-02
  0.0000000E+00
  0.0000000E+00
  9.8233581E-02
  9.7114041E-02
  3.9702896E-02
  3.7331466E-02
  3.8026245E-03
  7.7764615E-03
  4.3049250E-02
  0.0000000E+00
  0.0000000E+00
  0.0000000E+00
  0.0000000E+00
  0.0000000E+00
  4.0051951E-03
  7.7322819E-03
  9.8211817E-02
  9.2127651E-02
  0.0000000E+00
  0.0000000E+00
  0.2550378    
  0.1320494    
  5.8658570E-02
  0.0000000E+00
  0.0000000E+00
  0.0000000E+00
  0.0000000E+00
  0.1316771    
  8.2334846E-02
  0.3094881    
  0.3075338    
  4.1628018E-02
  3.5368182E-02
  0.1986449    
  0.1903308    
  5.8711965E-02
  1.4903594E-02
  0.0000000E+00
  0.2560290    
  0.2483163    
  3.4575216E-02
  5.8797188E-02
  4.6215267E-03
  3.9695399E-03
 
 year:        2007
  0.0000000E+00
  0.0000000E+00
  6.8859905E-02
  1.5878413E-02
  1.5689351E-02
  0.0000000E+00
  0.0000000E+00
  0.0000000E+00
  0.0000000E+00
  0.0000000E+00
  0.0000000E+00
  0.0000000E+00
  0.0000000E+00
  0.0000000E+00
  5.0351467E-02
  5.0843552E-02
  0.4215157    
  0.2685977    
  0.2694274    
   1.056401    
  0.0000000E+00
  0.0000000E+00
  0.4144759    
  0.4180335    
  0.0000000E+00
  0.0000000E+00
  0.2221848    
  2.4287663E-03
  1.5689481E-02
  1.5884180E-02
  0.0000000E+00
  0.0000000E+00
  0.5262101    
  0.0000000E+00
  0.0000000E+00
  0.0000000E+00
  0.0000000E+00
  0.0000000E+00
  0.0000000E+00
  0.0000000E+00
  0.0000000E+00
  0.0000000E+00
  0.0000000E+00
  0.0000000E+00
  0.0000000E+00
  0.0000000E+00
  0.0000000E+00
  0.0000000E+00
  0.0000000E+00
  0.0000000E+00
  0.0000000E+00
  0.0000000E+00
  0.0000000E+00
  0.0000000E+00
  0.5752832    
  0.1294111    
  0.1291567    
  0.0000000E+00
  0.0000000E+00
  3.4909055E-02
  3.6612488E-02
  0.2052520    
  0.1964839    
  0.5315574    
  0.5308275    
   1.140816    
   1.219928    
  0.1291728    
  0.1294051    
  0.5753729    
  3.5121910E-02
  3.6531784E-02
  0.6549839    
  9.3520187E-02
  9.2663579E-02
  0.0000000E+00
  0.0000000E+00
  0.2319459    
  0.2327766    
  0.0000000E+00
  0.0000000E+00
  5.1805247E-02
  5.5158310E-02
  0.0000000E+00
  0.0000000E+00
  0.0000000E+00
  0.0000000E+00
   1.041096    
   1.207656    
  0.3383915    
  0.3403002    
   1.377600    
   1.181353    
   1.059038    
   1.473560    
   1.537701    
   1.528862    
  0.2158764    
  0.2780418    
  0.5286586    
  0.0000000E+00
  0.0000000E+00
  0.4797725    
  0.4648633    
  0.6073664    
  0.5896704    
  0.1127521    
  0.1130045    
  0.0000000E+00
  0.0000000E+00
   1.081946    
   1.034760    
   1.028735    
   1.149691    
   1.142730    
  0.4819456    
  0.5287552    
  0.4797150    
  0.4762567    
  0.6062459    
  0.6021727    
  0.1127524    
  0.1976913    
  0.1964264    
   1.286334    
   1.367696    
   1.328924    
   1.226487    
   1.194144    
  0.7239549    
  0.7247452    
   1.370715    
   1.319083    
   1.282817    
  0.7681652    
  0.7671382    
   1.451632    
   1.419185    
  0.4162418    
  0.4169381    
  0.9993823    
   1.079920    
   1.073280    
  0.9227770    
  0.9467768    
  0.2917480    
  0.3585780    
  7.5938150E-02
  7.6106295E-02
  0.4903218    
  0.5684679    
  0.5516374    
  0.4279463    
  0.4438871    
  0.4902807    
  7.6102540E-02
  7.5943008E-02
  0.5673197    
  0.5632180    
  0.4438356    
  0.4313865    
  0.3405557    
  0.4353703    
  0.5797717    
  0.0000000E+00
  0.0000000E+00
  0.0000000E+00
  6.9462389E-02
  6.9693297E-02
  0.3493269    
  0.4343933    
  0.6631831    
  0.6410399    
  0.2648376    
  0.2455905    
   1.404328    
   1.258492    
  0.9645264    
  0.3731501    
  0.3753561    
  0.1036775    
  0.1032616    
   1.257179    
   1.075509    
   1.526840    
   1.519379    
   1.095493    
   1.060167    
   1.577097    
   1.537023    
   1.428224    
  0.9418671    
  0.3628746    
   1.659538    
   1.622039    
   1.199226    
   1.429015    
   1.237124    
   1.196915    
 
 year:        2008
  0.0000000E+00
  0.0000000E+00
  0.0000000E+00
  0.0000000E+00
  0.0000000E+00
  0.0000000E+00
  0.0000000E+00
  0.0000000E+00
  0.0000000E+00
  0.0000000E+00
  0.0000000E+00
  0.0000000E+00
  0.0000000E+00
  0.0000000E+00
  0.0000000E+00
  0.0000000E+00
  0.0000000E+00
  0.0000000E+00
  0.0000000E+00
  0.1300594    
  0.0000000E+00
  0.0000000E+00
  0.0000000E+00
  0.0000000E+00
  0.0000000E+00
  0.0000000E+00
  0.0000000E+00
  0.0000000E+00
  0.0000000E+00
  0.0000000E+00
  0.0000000E+00
  0.0000000E+00
  5.0978493E-02
  0.0000000E+00
  0.0000000E+00
  0.0000000E+00
  0.0000000E+00
  0.0000000E+00
  0.0000000E+00
  0.0000000E+00
  0.0000000E+00
  0.0000000E+00
  0.0000000E+00
  0.0000000E+00
  0.0000000E+00
  0.0000000E+00
  0.0000000E+00
  0.0000000E+00
  0.0000000E+00
  0.0000000E+00
  0.0000000E+00
  0.0000000E+00
  0.0000000E+00
  0.0000000E+00
  4.9152404E-02
  0.0000000E+00
  0.0000000E+00
  0.0000000E+00
  0.0000000E+00
  0.0000000E+00
  0.0000000E+00
  0.0000000E+00
  0.0000000E+00
  0.0000000E+00
  0.0000000E+00
  0.1412598    
  0.1762651    
  0.0000000E+00
  0.0000000E+00
  4.9168658E-02
  0.0000000E+00
  0.0000000E+00
  8.0933534E-02
  0.0000000E+00
  0.0000000E+00
  0.0000000E+00
  0.0000000E+00
  1.0881822E-02
  1.0948410E-02
  0.0000000E+00
  0.0000000E+00
  0.0000000E+00
  0.0000000E+00
  0.0000000E+00
  0.0000000E+00
  0.0000000E+00
  0.0000000E+00
  9.6032014E-03
  1.9881193E-02
  0.0000000E+00
  0.0000000E+00
  9.4992951E-02
  6.0700160E-02
  4.0360961E-02
  0.1878558    
  0.2236942    
  0.2220508    
  0.0000000E+00
  0.0000000E+00
  4.7929306E-02
  0.0000000E+00
  0.0000000E+00
  3.7624970E-02
  3.5878934E-02
  8.0648519E-02
  7.6856509E-02
  0.0000000E+00
  0.0000000E+00
  0.0000000E+00
  0.0000000E+00
  0.1401188    
  0.1215612    
  0.1205510    
  0.1754909    
  0.1741111    
  0.0000000E+00
  4.7941718E-02
  3.7618775E-02
  3.7222810E-02
  8.0405772E-02
  7.9528913E-02
  0.0000000E+00
  0.0000000E+00
  0.0000000E+00
  0.1692093    
  0.2039483    
  0.1958919    
  0.1520690    
  0.1474090    
  0.0000000E+00
  0.0000000E+00
  0.1605931    
  0.1460756    
  0.1409919    
  0.0000000E+00
  0.0000000E+00
  0.1928550    
  0.1871181    
  0.0000000E+00
  0.0000000E+00
  0.1335753    
  0.1567743    
  0.1556251    
  0.1126313    
  0.1162328    
  3.0646059E-03
  8.5674664E-03
  0.0000000E+00
  0.0000000E+00
  4.7257960E-02
  7.3895238E-02
  7.0949145E-02
  2.8618366E-02
  3.1213043E-02
  4.7250479E-02
  0.0000000E+00
  0.0000000E+00
  7.3687449E-02
  7.2959706E-02
  3.1205127E-02
  2.9222334E-02
  0.0000000E+00
  3.4275220E-03
  3.0706955E-02
  0.0000000E+00
  0.0000000E+00
  0.0000000E+00
  0.0000000E+00
  0.0000000E+00
  0.0000000E+00
  3.3678617E-03
  5.9290353E-02
  5.6126099E-02
  0.0000000E+00
  0.0000000E+00
  0.1482151    
  8.7062225E-02
  4.7633305E-02
  0.0000000E+00
  0.0000000E+00
  9.3351179E-07
  9.3348763E-07
  8.6875267E-02
  6.0384315E-02
  0.1842416    
  0.1828230    
  4.1289505E-02
  3.8157273E-02
  0.1278294    
  0.1225130    
  4.9154229E-02
  1.4998932E-02
  0.0000000E+00
  0.1636745    
  0.1579988    
  2.9329352E-02
  4.9247637E-02
  6.3063265E-03
  4.1289278E-03
 
 year:        2009
  0.0000000E+00
  0.0000000E+00
  4.5887638E-02
  4.9909307E-03
  4.8733479E-03
  0.0000000E+00
  0.0000000E+00
  0.0000000E+00
  0.0000000E+00
  0.0000000E+00
  0.0000000E+00
  0.0000000E+00
  0.0000000E+00
  0.0000000E+00
  0.0000000E+00
  0.0000000E+00
  0.2183944    
  0.1359450    
  0.1363033    
  0.5321255    
  0.0000000E+00
  0.0000000E+00
  8.7991536E-02
  8.9577653E-02
  0.0000000E+00
  0.0000000E+00
  5.6027781E-02
  0.0000000E+00
  4.8735882E-03
  4.9944296E-03
  0.0000000E+00
  0.0000000E+00
  0.2592673    
  0.0000000E+00
  0.0000000E+00
  0.0000000E+00
  0.0000000E+00
  0.0000000E+00
  0.0000000E+00
  0.0000000E+00
  0.0000000E+00
  0.0000000E+00
  0.0000000E+00
  0.0000000E+00
  0.0000000E+00
  0.0000000E+00
  0.0000000E+00
  0.0000000E+00
  0.0000000E+00
  0.0000000E+00
  0.0000000E+00
  0.0000000E+00
  0.0000000E+00
  0.0000000E+00
  0.2892533    
  8.7183386E-02
  8.7092780E-02
  0.0000000E+00
  0.0000000E+00
  0.0000000E+00
  0.0000000E+00
  0.1386938    
  0.1336887    
  0.2663234    
  0.2660577    
  0.5480741    
  0.5975760    
  8.7096535E-02
  8.7181084E-02
  0.2892892    
  0.0000000E+00
  0.0000000E+00
  0.3290605    
  5.5169992E-02
  5.4764345E-02
  0.0000000E+00
  0.0000000E+00
  0.1312125    
  0.1315836    
  0.0000000E+00
  0.0000000E+00
  2.4711657E-02
  2.6082220E-02
  0.0000000E+00
  0.0000000E+00
  0.0000000E+00
  0.0000000E+00
  0.4336664    
  0.5107273    
  6.2704399E-02
  6.3939847E-02
  0.6383740    
  0.5363170    
  0.4745065    
  0.7340800    
  0.7897063    
  0.7847259    
  0.1278061    
  0.1569701    
  0.2898668    
  0.0000000E+00
  0.0000000E+00
  0.2554966    
  0.2482653    
  0.3290329    
  0.3198073    
  8.8828728E-02
  8.8924006E-02
  0.0000000E+00
  0.0000000E+00
  0.5522596    
  0.5088918    
  0.5059247    
  0.6066309    
  0.6029221    
  0.2796270    
  0.2899016    
  0.2554739    
  0.2538915    
  0.3284248    
  0.3263818    
  8.8831857E-02
  6.6658137E-03
  5.8016777E-03
  0.6271825    
  0.6759194    
  0.6560115    
  0.5983188    
  0.5818135    
  0.3143603    
  0.3147971    
  0.7443833    
  0.7195476    
  0.7012705    
  0.3516108    
  0.3511573    
  0.8259431    
  0.8059480    
  0.2418374    
  0.2420949    
  0.5230504    
  0.5647941    
  0.5614763    
  0.4791076    
  0.4919654    
  0.1582734    
  0.1945346    
  7.4056178E-02
  7.4144185E-02
  0.2630352    
  0.3033937    
  0.2944094    
  0.2297768    
  0.2383499    
  0.2630138    
  7.4142270E-02
  7.4058071E-02
  0.3027714    
  0.3006486    
  0.2383238    
  0.2315657    
  0.1281849    
  0.1721379    
  0.2463141    
  0.0000000E+00
  0.0000000E+00
  0.0000000E+00
  4.4573192E-02
  4.4647031E-02
  0.1321896    
  0.1716820    
  0.2896049    
  0.2800073    
  0.1083283    
  0.1010666    
  0.6125068    
  0.5338934    
  0.3988380    
  0.0000000E+00
  0.0000000E+00
  0.0000000E+00
  0.0000000E+00
  0.5332779    
  0.4501931    
  0.6620755    
  0.6586180    
  0.4341406    
  0.4175040    
  0.7038100    
  0.6824259    
  0.5662529    
  0.3458045    
  0.0000000E+00
  0.7804681    
  0.7601802    
  0.4631219    
  0.5665878    
  0.4260083    
  0.4075564    
 
 year:        2010
  0.0000000E+00
  0.0000000E+00
  0.1100703    
  8.9020737E-02
  8.8887550E-02
  0.0000000E+00
  0.0000000E+00
  0.1020275    
  0.1032246    
  0.0000000E+00
  0.0000000E+00
  6.4320832E-02
  6.3427128E-02
  0.0000000E+00
  0.1221955    
  0.1227085    
  0.2669088    
  0.1946532    
  0.1949619    
  0.7378024    
  0.1695949    
  0.1699212    
  0.3504198    
  0.3517511    
  0.1025613    
  0.1027859    
  0.2577575    
  8.9993149E-02
  8.8887855E-02
  8.9024410E-02
  0.0000000E+00
  0.0000000E+00
  0.3819312    
  0.1019425    
  0.1032597    
  0.0000000E+00
  0.0000000E+00
  6.4320900E-02
  6.3431151E-02
  0.0000000E+00
  0.0000000E+00
  0.0000000E+00
  0.0000000E+00
  0.0000000E+00
  2.2207960E-02
  2.2496812E-02
  0.0000000E+00
  0.0000000E+00
  0.0000000E+00
  0.0000000E+00
  0.0000000E+00
  0.0000000E+00
  0.0000000E+00
  0.0000000E+00
  0.4515498    
  0.1253468    
  0.1252453    
  0.0000000E+00
  0.0000000E+00
  0.1636589    
  0.1655836    
  0.2034676    
  0.1979125    
  0.3385895    
  0.3380834    
  0.8727107    
  0.9496598    
  0.1252512    
  0.1253447    
  0.4516187    
  0.1638901    
  0.1654916    
  0.5273706    
  0.1125937    
  0.1122065    
  5.7422742E-02
  5.7457019E-02
  0.1928508    
  0.1934406    
  0.0000000E+00
  0.0000000E+00
  6.5968744E-02
  6.7781553E-02
  2.4164476E-02
  2.4422934E-02
  7.5429551E-02
  7.8479961E-02
  0.6371531    
  0.7428976    
  0.3793190    
  0.3807553    
  0.8954174    
  0.7665477    
  0.6860628    
   1.045877    
   1.108865    
   1.102462    
  0.1508237    
  0.1873486    
  0.4328316    
  0.0000000E+00
  0.0000000E+00
  0.3838250    
  0.3730946    
  0.5013464    
  0.4873265    
  0.1130304    
  0.1131225    
  0.1580884    
  0.1562563    
  0.8130999    
  0.7569712    
  0.7527658    
  0.8822432    
  0.8770773    
  0.3199238    
  0.4328938    
  0.3837869    
  0.3813647    
  0.5004413    
  0.4972789    
  0.1130326    
  0.3312836    
  0.3300881    
  0.9091933    
  0.9786430    
  0.9498161    
  0.8503548    
  0.8279713    
  0.4361261    
  0.4366086    
  0.9865654    
  0.9295643    
  0.9042736    
  0.5111526    
  0.5105866    
   1.056493    
   1.032693    
  0.3236127    
  0.3239856    
  0.7682641    
  0.8321119    
  0.8272848    
  0.6939222    
  0.7110243    
  0.2371644    
  0.2869508    
  0.1099432    
  0.1100506    
  0.4057521    
  0.4651371    
  0.4521050    
  0.3481221    
  0.3601508    
  0.4057189    
  0.1100488    
  0.1099454    
  0.4642490    
  0.4611180    
  0.3601129    
  0.3507350    
  0.2065776    
  0.2631325    
  0.3379633    
  0.0000000E+00
  0.0000000E+00
  0.0000000E+00
  0.1060185    
  0.1061162    
  0.2117962    
  0.2625599    
  0.3931582    
  0.3797773    
  0.1754866    
  0.1655969    
  0.7776748    
  0.6457916    
  0.4909733    
  0.2254980    
  0.2271703    
  6.3163757E-02
  6.2742524E-02
  0.6450071    
  0.5485452    
  0.8328376    
  0.8285052    
  0.5587867    
  0.5402057    
  0.8343782    
  0.8116209    
  0.7304687    
  0.4856538    
  0.2520005    
  0.8977240    
  0.8763890    
  0.6163005    
  0.7308636    
  0.6510869    
  0.6294608    
 
 year:        2011
  0.0000000E+00
  0.0000000E+00
  0.0000000E+00
  0.0000000E+00
  0.0000000E+00
  0.0000000E+00
  0.0000000E+00
  0.0000000E+00
  0.0000000E+00
  0.0000000E+00
  0.0000000E+00
  0.0000000E+00
  0.0000000E+00
  0.0000000E+00
  0.0000000E+00
  0.0000000E+00
  0.0000000E+00
  0.0000000E+00
  0.0000000E+00
  0.3360153    
  0.0000000E+00
  0.0000000E+00
  0.0000000E+00
  0.0000000E+00
  0.0000000E+00
  0.0000000E+00
  0.0000000E+00
  0.0000000E+00
  0.0000000E+00
  0.0000000E+00
  0.0000000E+00
  0.0000000E+00
  0.1636258    
  0.0000000E+00
  0.0000000E+00
  0.0000000E+00
  0.0000000E+00
  0.0000000E+00
  0.0000000E+00
  0.0000000E+00
  0.0000000E+00
  0.0000000E+00
  0.0000000E+00
  0.0000000E+00
  0.0000000E+00
  0.0000000E+00
  0.0000000E+00
  0.0000000E+00
  0.0000000E+00
  0.0000000E+00
  0.0000000E+00
  0.0000000E+00
  0.0000000E+00
  0.0000000E+00
  0.1778592    
  1.1283634E-02
  1.1215109E-02
  0.0000000E+00
  0.0000000E+00
  0.0000000E+00
  0.0000000E+00
  0.0000000E+00
  0.0000000E+00
  0.1192582    
  0.1190669    
  0.3604468    
  0.4087132    
  1.1219523E-02
  1.1281999E-02
  0.1778919    
  0.0000000E+00
  0.0000000E+00
  0.2218915    
  0.0000000E+00
  0.0000000E+00
  0.0000000E+00
  0.0000000E+00
  6.7988068E-02
  6.8237372E-02
  0.0000000E+00
  0.0000000E+00
  0.0000000E+00
  0.0000000E+00
  0.0000000E+00
  0.0000000E+00
  0.0000000E+00
  0.0000000E+00
  0.2069744    
  0.2528602    
  0.0000000E+00
  0.0000000E+00
  0.3722844    
  0.3016442    
  0.2576114    
  0.5168699    
  0.5674159    
  0.5637730    
  5.3705651E-02
  7.1035542E-02
  0.1882686    
  0.0000000E+00
  0.0000000E+00
  0.1562996    
  0.1509043    
  0.2329759    
  0.2257492    
  1.3262718E-02
  1.3340297E-02
  0.0000000E+00
  0.0000000E+00
  0.3761323    
  0.3432318    
  0.3410988    
  0.4215584    
  0.4187967    
  0.1237447    
  0.1883030    
  0.1562792    
  0.1550376    
  0.2325150    
  0.2308720    
  1.3262718E-02
  3.9883101E-08
  3.9656616E-08
  0.4222704    
  0.4560290    
  0.4425001    
  0.3925882    
  0.3814175    
  0.1370163    
  0.1372434    
  0.4582025    
  0.4284946    
  0.4156083    
  5.5332743E-02
  5.5189479E-02
  0.4963326    
  0.4843185    
  9.3561627E-02
  9.3745194E-02
  0.3550990    
  0.3886698    
  0.3862444    
  0.3145286    
  0.3231117    
  8.4790096E-02
  0.1077147    
  0.0000000E+00
  0.0000000E+00
  0.1776365    
  0.2167709    
  0.2100637    
  0.1420438    
  0.1482573    
  0.1776197    
  0.0000000E+00
  0.0000000E+00
  0.2163179    
  0.2146938    
  0.1482375    
  0.1433936    
  0.1040164    
  0.1342691    
  0.1770778    
  0.0000000E+00
  0.0000000E+00
  0.0000000E+00
  2.0678548E-02
  2.0772545E-02
  0.1067601    
  0.1339545    
  0.2142534    
  0.2059676    
  8.3874956E-02
  7.8596391E-02
  0.4128660    
  0.3366944    
  0.2507202    
  0.0000000E+00
  0.0000000E+00
  0.0000000E+00
  0.0000000E+00
  0.3362779    
  0.2804355    
  0.4627493    
  0.4601286    
  0.2860366    
  0.2759454    
  0.4447786    
  0.4303112    
  0.3428245    
  0.2158656    
  0.0000000E+00
  0.5165099    
  0.5027796    
  0.2854478    
  0.3430109    
  0.2636940    
  0.2521902    
 
 year:        2012
  0.0000000E+00
  0.0000000E+00
  3.8955610E-02
  1.6475914E-03
  1.5009498E-03
  0.0000000E+00
  0.0000000E+00
  0.0000000E+00
  0.0000000E+00
  0.0000000E+00
  0.0000000E+00
  0.0000000E+00
  0.0000000E+00
  0.0000000E+00
  0.0000000E+00
  0.0000000E+00
  0.2467865    
  0.1194584    
  0.1197683    
  0.7399672    
  0.0000000E+00
  0.0000000E+00
  5.6144077E-02
  5.8216192E-02
  0.0000000E+00
  0.0000000E+00
  3.2556616E-02
  0.0000000E+00
  1.5009866E-03
  1.6518842E-03
  0.0000000E+00
  0.0000000E+00
  0.3581343    
  0.0000000E+00
  0.0000000E+00
  0.0000000E+00
  0.0000000E+00
  0.0000000E+00
  0.0000000E+00
  0.0000000E+00
  0.0000000E+00
  0.0000000E+00
  0.0000000E+00
  0.0000000E+00
  0.0000000E+00
  0.0000000E+00
  0.0000000E+00
  0.0000000E+00
  0.0000000E+00
  0.0000000E+00
  0.0000000E+00
  0.0000000E+00
  0.0000000E+00
  0.0000000E+00
  0.3342787    
  6.5076381E-02
  6.4974539E-02
  0.0000000E+00
  0.0000000E+00
  0.0000000E+00
  0.0000000E+00
  8.6239204E-02
  8.2573816E-02
  0.2727422    
  0.2723598    
  0.7359599    
  0.8019376    
  6.4981081E-02
  6.5073974E-02
  0.3343384    
  0.0000000E+00
  0.0000000E+00
  0.4081820    
  3.3249300E-02
  3.2833569E-02
  0.0000000E+00
  0.0000000E+00
  0.1118362    
  0.1121804    
  0.0000000E+00
  0.0000000E+00
  1.8762331E-02
  1.9810911E-02
  0.0000000E+00
  0.0000000E+00
  0.0000000E+00
  0.0000000E+00
  0.5666417    
  0.6605574    
  0.0000000E+00
  0.0000000E+00
  0.7959819    
  0.6796418    
  0.6096526    
  0.9629810    
   1.052081    
   1.045849    
  9.9716589E-02
  0.1324055    
  0.3048831    
  0.0000000E+00
  0.0000000E+00
  0.2734349    
  0.2654451    
  0.3715937    
  0.3602208    
  4.9341518E-02
  4.9439274E-02
  0.0000000E+00
  0.0000000E+00
  0.6638274    
  0.6278982    
  0.6241209    
  0.7305357    
  0.7261817    
  0.2431289    
  0.3049312    
  0.2734034    
  0.2715471    
  0.3708651    
  0.3682502    
  4.9341545E-02
  0.0000000E+00
  0.0000000E+00
  0.7968495    
  0.8408666    
  0.8183160    
  0.7809237    
  0.7608187    
  0.3727102    
  0.3730191    
  0.9622740    
  0.9274601    
  0.9023243    
  0.4233578    
  0.4227901    
   1.018965    
  0.9972681    
  0.2476922    
  0.2480831    
  0.6590037    
  0.6997928    
  0.6958584    
  0.6249503    
  0.6402420    
  0.2023776    
  0.2476282    
  4.3418348E-02
  4.3515753E-02
  0.3303075    
  0.3747070    
  0.3644560    
  0.3026063    
  0.3137753    
  0.3302822    
  4.3513581E-02
  4.3421287E-02
  0.3740167    
  0.3715076    
  0.3137393    
  0.3049949    
  0.1656575    
  0.2146122    
  0.3013438    
  0.0000000E+00
  0.0000000E+00
  0.0000000E+00
  3.4775846E-02
  3.4859017E-02
  0.1701646    
  0.2141149    
  0.3566483    
  0.3444964    
  0.1281354    
  0.1184723    
  0.7857565    
  0.6594837    
  0.4936152    
  0.0000000E+00
  0.0000000E+00
  0.0000000E+00
  0.0000000E+00
  0.6587174    
  0.5567646    
  0.8526440    
  0.8482573    
  0.5260817    
  0.5063959    
  0.9287205    
  0.9041205    
  0.7544632    
  0.4762120    
  0.0000000E+00
   1.012901    
  0.9891341    
  0.6247274    
  0.7549033    
  0.6080780    
  0.5863799    
 
 year:        2013
  0.0000000E+00
  0.0000000E+00
  0.0000000E+00
  0.0000000E+00
  0.0000000E+00
  0.0000000E+00
  0.0000000E+00
  0.0000000E+00
  0.0000000E+00
  0.0000000E+00
  0.0000000E+00
  0.0000000E+00
  0.0000000E+00
  0.0000000E+00
  0.0000000E+00
  0.0000000E+00
  1.7937433E-02
  0.0000000E+00
  0.0000000E+00
  0.4933339    
  0.0000000E+00
  0.0000000E+00
  0.0000000E+00
  0.0000000E+00
  0.0000000E+00
  0.0000000E+00
  0.0000000E+00
  0.0000000E+00
  0.0000000E+00
  0.0000000E+00
  0.0000000E+00
  0.0000000E+00
  0.2120345    
  0.0000000E+00
  0.0000000E+00
  0.0000000E+00
  0.0000000E+00
  0.0000000E+00
  0.0000000E+00
  0.0000000E+00
  0.0000000E+00
  0.0000000E+00
  0.0000000E+00
  0.0000000E+00
  0.0000000E+00
  0.0000000E+00
  0.0000000E+00
  0.0000000E+00
  0.0000000E+00
  0.0000000E+00
  0.0000000E+00
  0.0000000E+00
  0.0000000E+00
  0.0000000E+00
  0.2581778    
  0.0000000E+00
  0.0000000E+00
  0.0000000E+00
  0.0000000E+00
  0.0000000E+00
  0.0000000E+00
  0.0000000E+00
  0.0000000E+00
  0.1286022    
  0.1283611    
  0.5597750    
  0.6296359    
  0.0000000E+00
  0.0000000E+00
  0.2582156    
  0.0000000E+00
  0.0000000E+00
  0.3101723    
  0.0000000E+00
  0.0000000E+00
  0.0000000E+00
  0.0000000E+00
  8.9674965E-02
  9.0051286E-02
  0.0000000E+00
  0.0000000E+00
  0.0000000E+00
  0.0000000E+00
  0.0000000E+00
  0.0000000E+00
  0.0000000E+00
  0.0000000E+00
  0.3880581    
  0.4676487    
  0.0000000E+00
  0.0000000E+00
  0.6548461    
  0.5454347    
  0.4781990    
  0.7749414    
  0.8939896    
  0.8881168    
  8.0755092E-02
  0.1124610    
  0.2774457    
  0.0000000E+00
  0.0000000E+00
  0.2508429    
  0.2437128    
  0.3247512    
  0.3154719    
  0.0000000E+00
  0.0000000E+00
  0.0000000E+00
  0.0000000E+00
  0.5706440    
  0.5304350    
  0.5273889    
  0.6350218    
  0.6309474    
  0.1641639    
  0.2774879    
  0.2508159    
  0.2491847    
  0.3241417    
  0.3220143    
  0.0000000E+00
  4.7234580E-02
  4.6868220E-02
  0.6863249    
  0.7513930    
  0.7294295    
  0.6398373    
  0.6209453    
  0.2779939    
  0.2780521    
  0.7580370    
  0.7077983    
  0.6865339    
  0.1870119    
  0.1866287    
  0.8776118    
  0.8565235    
  0.1410861    
  0.1413693    
  0.5538602    
  0.6206188    
  0.6166891    
  0.4969699    
  0.5107957    
  0.1486064    
  0.1821975    
  1.4051644E-03
  1.4344229E-03
  0.2617108    
  0.3108381    
  0.3012496    
  0.2280523    
  0.2365209    
  0.2616897    
  1.4337678E-03
  1.4059645E-03
  0.3101787    
  0.3078718    
  0.2364937    
  0.2298502    
  0.1163683    
  0.1576946    
  0.2449851    
  0.0000000E+00
  0.0000000E+00
  0.0000000E+00
  7.0673676E-04
  7.3409622E-04
  0.1201853    
  0.1572755    
  0.2941744    
  0.2841477    
  7.0705816E-02
  6.3274167E-02
  0.6502839    
  0.5149291    
  0.3677348    
  7.5337649E-03
  7.9456419E-03
  0.0000000E+00
  0.0000000E+00
  0.5142828    
  0.4238586    
  0.7196360    
  0.7158805    
  0.3721001    
  0.3578810    
  0.7211787    
  0.6986165    
  0.5570825    
  0.3244223    
  0.0000000E+00
  0.8168131    
  0.7947658    
  0.4428829    
  0.5575113    
  0.3834570    
  0.3661405    
 
 year:        2014
  0.0000000E+00
  0.0000000E+00
  0.0000000E+00
  0.0000000E+00
  0.0000000E+00
  0.0000000E+00
  0.0000000E+00
  0.0000000E+00
  0.0000000E+00
  0.0000000E+00
  0.0000000E+00
  0.0000000E+00
  0.0000000E+00
  0.0000000E+00
  0.0000000E+00
  0.0000000E+00
  3.4875818E-02
  5.5209431E-03
  5.6798258E-03
  0.3744845    
  0.0000000E+00
  0.0000000E+00
  0.0000000E+00
  0.0000000E+00
  0.0000000E+00
  0.0000000E+00
  0.0000000E+00
  0.0000000E+00
  0.0000000E+00
  0.0000000E+00
  0.0000000E+00
  0.0000000E+00
  0.1471031    
  0.0000000E+00
  0.0000000E+00
  0.0000000E+00
  0.0000000E+00
  0.0000000E+00
  0.0000000E+00
  0.0000000E+00
  0.0000000E+00
  0.0000000E+00
  0.0000000E+00
  0.0000000E+00
  0.0000000E+00
  0.0000000E+00
  0.0000000E+00
  0.0000000E+00
  0.0000000E+00
  0.0000000E+00
  0.0000000E+00
  0.0000000E+00
  0.0000000E+00
  0.0000000E+00
  0.1422660    
  0.0000000E+00
  0.0000000E+00
  0.0000000E+00
  0.0000000E+00
  0.0000000E+00
  0.0000000E+00
  0.0000000E+00
  0.0000000E+00
  5.5621669E-02
  5.5513602E-02
  0.3742591    
  0.4293001    
  0.0000000E+00
  0.0000000E+00
  0.1422978    
  0.0000000E+00
  0.0000000E+00
  0.1930987    
  0.0000000E+00
  0.0000000E+00
  0.0000000E+00
  0.0000000E+00
  3.0413734E-02
  3.0597089E-02
  0.0000000E+00
  0.0000000E+00
  0.0000000E+00
  0.0000000E+00
  0.0000000E+00
  0.0000000E+00
  0.0000000E+00
  0.0000000E+00
  0.2777235    
  0.3391710    
  0.0000000E+00
  0.0000000E+00
  0.4508257    
  0.3806880    
  0.3354697    
  0.5297495    
  0.5792192    
  0.5756516    
  2.5682395E-02
  3.5986304E-02
  0.1736306    
  0.0000000E+00
  0.0000000E+00
  0.1473810    
  0.1420275    
  0.2274985    
  0.2193339    
  0.0000000E+00
  0.0000000E+00
  0.0000000E+00
  0.0000000E+00
  0.4138289    
  0.3718239    
  0.3691786    
  0.4767745    
  0.4734681    
  5.8779296E-02
  0.1736670    
  0.1473594    
  0.1461527    
  0.2269756    
  0.2250794    
  0.0000000E+00
  7.2445333E-02
  7.2175279E-02
  0.4995007    
  0.5597311    
  0.5421174    
  0.4608164    
  0.4471241    
  0.2081301    
  0.2081639    
  0.5299085    
  0.5143672    
  0.4996788    
  0.1283300    
  0.1280659    
  0.5652435    
  0.5522983    
  7.0847914E-02
  7.0983037E-02
  0.3914118    
  0.4528479    
  0.4498893    
  0.3461017    
  0.3561556    
  7.7749252E-02
  0.1029834    
  3.5549425E-07
  3.6301742E-07
  0.1705611    
  0.2116670    
  0.2045276    
  0.1396930    
  0.1461693    
  0.1705447    
  3.6284902E-07
  3.5570000E-07
  0.2111827    
  0.2094069    
  0.1461485    
  0.1410829    
  6.0699355E-02
  8.6375110E-02
  0.1570576    
  0.0000000E+00
  0.0000000E+00
  0.0000000E+00
  6.0452671E-06
  6.2844611E-06
  6.3101336E-02
  8.6117260E-02
  0.2086163    
  0.2000383    
  2.7359767E-02
  2.4460070E-02
  0.4677760    
  0.3717490    
  0.2662191    
  4.5916628E-02
  4.6165649E-02
  0.0000000E+00
  0.0000000E+00
  0.3712668    
  0.3060456    
  0.5249979    
  0.5218559    
  0.2761700    
  0.2646753    
  0.4302640    
  0.4170777    
  0.3800940    
  0.2364082    
  0.0000000E+00
  0.4904146    
  0.4757962    
  0.3120187    
  0.3803593    
  0.2848673    
  0.2723664    
 
 year:        2015
  0.0000000E+00
  0.0000000E+00
  1.9241150E-02
  0.0000000E+00
  0.0000000E+00
  0.0000000E+00
  0.0000000E+00
  0.0000000E+00
  0.0000000E+00
  0.0000000E+00
  0.0000000E+00
  0.0000000E+00
  0.0000000E+00
  0.0000000E+00
  1.8154278E-02
  1.8412156E-02
  0.3719884    
  0.2218953    
  0.2227363    
  0.9088809    
  0.0000000E+00
  0.0000000E+00
  0.2616679    
  0.2652059    
  0.0000000E+00
  0.0000000E+00
  0.1826344    
  0.0000000E+00
  0.0000000E+00
  0.0000000E+00
  0.0000000E+00
  0.0000000E+00
  0.4631816    
  0.0000000E+00
  0.0000000E+00
  0.0000000E+00
  0.0000000E+00
  0.0000000E+00
  0.0000000E+00
  0.0000000E+00
  0.0000000E+00
  0.0000000E+00
  0.0000000E+00
  0.0000000E+00
  0.0000000E+00
  0.0000000E+00
  0.0000000E+00
  0.0000000E+00
  0.0000000E+00
  0.0000000E+00
  0.0000000E+00
  0.0000000E+00
  0.0000000E+00
  0.0000000E+00
  0.4594255    
  7.9889819E-02
  7.9651214E-02
  0.0000000E+00
  0.0000000E+00
  0.0000000E+00
  0.0000000E+00
  0.1495297    
  0.1407014    
  0.4519164    
  0.4513232    
  0.9146225    
  0.9764662    
  7.9666004E-02
  7.9884142E-02
  0.4595005    
  0.0000000E+00
  0.0000000E+00
  0.5259434    
  3.3410084E-02
  3.2983441E-02
  0.0000000E+00
  0.0000000E+00
  0.1741640    
  0.1748333    
  0.0000000E+00
  0.0000000E+00
  0.0000000E+00
  0.0000000E+00
  0.0000000E+00
  0.0000000E+00
  0.0000000E+00
  0.0000000E+00
  0.9148438    
   1.059435    
  0.2634920    
  0.2656088    
   1.190644    
   1.024277    
  0.9199904    
   1.295810    
   1.347616    
   1.340156    
  0.2024042    
  0.2614619    
  0.4781528    
  0.0000000E+00
  0.0000000E+00
  0.4177854    
  0.4054229    
  0.5464459    
  0.5304455    
  0.1302741    
  0.1305815    
  0.0000000E+00
  0.0000000E+00
  0.9392024    
  0.8770552    
  0.8721032    
   1.000206    
  0.9942645    
  0.4599418    
  0.4782281    
  0.4177380    
  0.4148877    
  0.5454104    
  0.5417306    
  0.1302750    
  0.5587371    
  0.5569918    
   1.151693    
   1.217819    
   1.184888    
   1.083703    
   1.055300    
  0.6832335    
  0.6835048    
   1.301031    
   1.231598    
   1.198562    
  0.7499402    
  0.7490755    
   1.360446    
   1.331585    
  0.4847332    
  0.4853382    
  0.9520784    
   1.028974    
   1.022834    
  0.8600096    
  0.8813396    
  0.3019169    
  0.3697443    
  0.1424691    
  0.1427926    
  0.4827175    
  0.5556852    
  0.5390053    
  0.4034450    
  0.4186935    
  0.4826756    
  0.1427855    
  0.1424784    
  0.5545421    
  0.5504952    
  0.4186452    
  0.4067279    
  0.2986085    
  0.3808876    
  0.4881953    
  0.0000000E+00
  0.0000000E+00
  0.0000000E+00
  0.1508976    
  0.1512068    
  0.3061799    
  0.3800365    
  0.5628988    
  0.5441960    
  0.2835676    
  0.2679728    
   1.147468    
   1.060437    
  0.8055567    
  0.5974987    
  0.5994840    
  0.2214532    
  0.2211570    
   1.059328    
  0.9025739    
   1.204539    
   1.198861    
  0.9415544    
  0.9100035    
   1.278600    
   1.246603    
   1.164886    
  0.7589009    
  0.1641365    
   1.336179    
   1.306988    
  0.9759328    
   1.165525    
   1.030998    
  0.9955000    
 
 year:        2016
  0.0000000E+00
  0.0000000E+00
  5.7363331E-02
  0.0000000E+00
  0.0000000E+00
  0.0000000E+00
  0.0000000E+00
  5.6962658E-02
  5.8453601E-02
  0.0000000E+00
  0.0000000E+00
  0.0000000E+00
  0.0000000E+00
  0.0000000E+00
  0.1451741    
  0.1456792    
  0.4772648    
  0.2836981    
  0.2844681    
   1.000749    
  6.5297119E-02
  6.5492250E-02
  0.5425906    
  0.5460119    
  2.7969245E-02
  2.8113630E-02
  0.3357116    
  8.0767833E-02
  0.0000000E+00
  0.0000000E+00
  0.0000000E+00
  0.0000000E+00
  0.4905577    
  5.6847576E-02
  5.8496855E-02
  0.0000000E+00
  0.0000000E+00
  0.0000000E+00
  0.0000000E+00
  0.0000000E+00
  0.0000000E+00
  0.0000000E+00
  0.0000000E+00
  0.0000000E+00
  0.0000000E+00
  0.0000000E+00
  0.0000000E+00
  0.0000000E+00
  0.0000000E+00
  0.0000000E+00
  0.0000000E+00
  0.0000000E+00
  0.0000000E+00
  0.0000000E+00
  0.4880741    
  0.1126774    
  0.1124471    
  0.0000000E+00
  0.0000000E+00
  1.5138697E-02
  1.7479954E-02
  0.1717307    
  0.1644749    
  0.4815726    
  0.4810328    
  0.9693462    
   1.060282    
  0.1124603    
  0.1126718    
  0.4881520    
  1.5435194E-02
  1.7369132E-02
  0.5670178    
  6.1334722E-02
  6.0672082E-02
  0.0000000E+00
  0.0000000E+00
  0.1968928    
  0.1976204    
  0.0000000E+00
  0.0000000E+00
  4.6188012E-03
  5.3784414E-03
  0.0000000E+00
  0.0000000E+00
  0.0000000E+00
  0.0000000E+00
   1.010207    
   1.173629    
  0.4408194    
  0.4432274    
   1.383824    
   1.184036    
   1.061904    
   1.530007    
   1.616719    
   1.607778    
  0.2229972    
  0.2869363    
  0.5389217    
  0.0000000E+00
  0.0000000E+00
  0.4814925    
  0.4672530    
  0.6362481    
  0.6180258    
  0.1509569    
  0.1512211    
  0.1046433    
  0.1026764    
   1.080826    
   1.021986    
   1.015961    
   1.168757    
   1.161815    
  0.5508034    
  0.5390107    
  0.4814383    
  0.4781570    
  0.6350877    
  0.6309209    
  0.1509590    
  0.5524995    
  0.5507992    
   1.312119    
   1.391418    
   1.354360    
   1.260562    
   1.227094    
  0.7275218    
  0.7281374    
   1.519892    
   1.453400    
   1.413718    
  0.7270290    
  0.7261964    
   1.606297    
   1.572646    
  0.5355456    
  0.5361097    
   1.061956    
   1.146191    
   1.139205    
  0.9823883    
   1.007581    
  0.3369307    
  0.4035389    
  0.1413328    
  0.1415621    
  0.5303198    
  0.6179731    
  0.6004890    
  0.4603683    
  0.4770238    
  0.5302751    
  0.1415572    
  0.1413378    
  0.6167914    
  0.6125828    
  0.4769701    
  0.4638850    
  0.3199337    
  0.4048435    
  0.5156211    
  0.0000000E+00
  0.0000000E+00
  0.0000000E+00
  0.1629882    
  0.1632647    
  0.3277342    
  0.4039820    
  0.5881327    
  0.5697016    
  0.2980717    
  0.2809138    
   1.243012    
   1.138398    
  0.8709089    
  0.5383130    
  0.5399448    
  0.2311834    
  0.2311499    
   1.137205    
  0.9725440    
   1.303025    
   1.297119    
  0.9897930    
  0.9574045    
   1.389402    
   1.353780    
   1.248821    
  0.8098615    
  0.4890112    
   1.466311    
   1.433246    
   1.044005    
   1.249536    
   1.069439    
   1.031723    
 
 year:        2017
  0.0000000E+00
  0.0000000E+00
  5.0607143E-04
  0.0000000E+00
  0.0000000E+00
  0.0000000E+00
  0.0000000E+00
  0.0000000E+00
  0.0000000E+00
  0.0000000E+00
  0.0000000E+00
  0.0000000E+00
  0.0000000E+00
  0.0000000E+00
  0.0000000E+00
  0.0000000E+00
  0.1186865    
  3.2725584E-02
  3.2993335E-02
  0.5162605    
  0.0000000E+00
  0.0000000E+00
  0.1091238    
  0.1096893    
  0.0000000E+00
  0.0000000E+00
  5.3952243E-02
  0.0000000E+00
  0.0000000E+00
  0.0000000E+00
  0.0000000E+00
  0.0000000E+00
  0.2452840    
  0.0000000E+00
  0.0000000E+00
  0.0000000E+00
  0.0000000E+00
  0.0000000E+00
  0.0000000E+00
  0.0000000E+00
  0.0000000E+00
  0.0000000E+00
  0.0000000E+00
  0.0000000E+00
  0.0000000E+00
  0.0000000E+00
  0.0000000E+00
  0.0000000E+00
  0.0000000E+00
  0.0000000E+00
  0.0000000E+00
  0.0000000E+00
  0.0000000E+00
  0.0000000E+00
  0.2208017    
  1.0934830E-02
  1.0893766E-02
  0.0000000E+00
  0.0000000E+00
  0.0000000E+00
  0.0000000E+00
  1.0798175E-03
  1.0276465E-03
  0.1724040    
  0.1721798    
  0.4734933    
  0.5305603    
  1.0895911E-02
  1.0933854E-02
  0.2208367    
  0.0000000E+00
  0.0000000E+00
  0.2675890    
  4.5810163E-04
  4.5126281E-04
  0.0000000E+00
  0.0000000E+00
  7.2702616E-02
  7.3036619E-02
  0.0000000E+00
  0.0000000E+00
  1.2190575E-04
  1.4071492E-04
  0.0000000E+00
  0.0000000E+00
  0.0000000E+00
  0.0000000E+00
  0.2542239    
  0.3147130    
  0.0000000E+00
  0.0000000E+00
  0.4776176    
  0.3927536    
  0.3419007    
  0.6099317    
  0.6811642    
  0.6767184    
  5.0808687E-02
  7.2253838E-02
  0.2169599    
  0.0000000E+00
  0.0000000E+00
  0.1750437    
  0.1692995    
  0.2637753    
  0.2561513    
  1.2741945E-02
  1.2794332E-02
  0.0000000E+00
  0.0000000E+00
  0.4561047    
  0.4109620    
  0.4084473    
  0.5106283    
  0.5071934    
  0.1701200    
  0.2169952    
  0.1750223    
  0.1737130    
  0.2632874    
  0.2615675    
  1.2743230E-02
  2.2636501E-02
  2.2519322E-02
  0.5943459    
  0.6716280    
  0.6500062    
  0.5274336    
  0.5112190    
  0.2291351    
  0.2294728    
  0.6419177    
  0.5850210    
  0.5661961    
  0.1437470    
  0.1435534    
  0.7214046    
  0.7027585    
  0.1491085    
  0.1493310    
  0.4617912    
  0.5295653    
  0.5259730    
  0.3965586    
  0.4080011    
  0.1005867    
  0.1301173    
  4.0040989E-03
  4.0327823E-03
  0.2032475    
  0.2542107    
  0.2461492    
  0.1529755    
  0.1596809    
  0.2032277    
  4.0320549E-03
  4.0046228E-03
  0.2536640    
  0.2517427    
  0.1596596    
  0.1543967    
  9.1638036E-02
  0.1284376    
  0.2304926    
  0.0000000E+00
  0.0000000E+00
  0.0000000E+00
  1.8856804E-03
  1.8925566E-03
  9.5015816E-02
  0.1280622    
  0.2936391    
  0.2827827    
  6.1669119E-02
  5.6210499E-02
  0.6230698    
  0.5030430    
  0.3563023    
  3.7238583E-02
  3.7454493E-02
  4.2151855E-03
  4.2167557E-03
  0.5023826    
  0.4119319    
  0.6857620    
  0.6820937    
  0.3649205    
  0.3481667    
  0.6560123    
  0.6368817    
  0.4866299    
  0.2558695    
  0.0000000E+00
  0.7207626    
  0.7031147    
  0.3781954    
  0.4869991    
  0.2910592    
  0.2748969    
 
 year:        2018
  0.0000000E+00
  0.0000000E+00
  0.1550857    
  0.1166122    
  0.1163227    
  0.0000000E+00
  0.0000000E+00
  0.0000000E+00
  0.0000000E+00
  0.0000000E+00
  0.0000000E+00
  0.0000000E+00
  0.0000000E+00
  0.0000000E+00
  5.4860683E-03
  5.8844085E-03
  0.4282982    
  0.3346765    
  0.3354048    
  0.9038243    
  5.4858066E-02
  5.5082906E-02
  0.2426044    
  0.2448906    
  0.0000000E+00
  0.0000000E+00
  0.2069703    
  0.0000000E+00
  0.1163232    
  0.1166210    
  0.0000000E+00
  0.0000000E+00
  0.5106215    
  0.0000000E+00
  0.0000000E+00
  0.0000000E+00
  0.0000000E+00
  0.0000000E+00
  0.0000000E+00
  0.0000000E+00
  0.0000000E+00
  0.0000000E+00
  0.0000000E+00
  0.0000000E+00
  2.9108012E-02
  2.9394990E-02
  0.0000000E+00
  0.0000000E+00
  0.0000000E+00
  0.0000000E+00
  0.0000000E+00
  0.0000000E+00
  0.0000000E+00
  0.0000000E+00
  0.5741570    
  0.2224065    
  0.2222700    
  0.0000000E+00
  0.0000000E+00
  0.1016958    
  0.1032523    
  0.3900371    
  0.3793959    
  0.5008324    
  0.5004376    
   1.007189    
   1.040446    
  0.2222719    
  0.2224029    
  0.5742116    
  0.1018741    
  0.1031757    
  0.6135040    
  0.1869449    
  0.1861438    
  7.4576072E-02
  7.4618965E-02
  0.2943982    
  0.2950324    
  0.0000000E+00
  0.0000000E+00
  0.1256974    
  0.1290047    
  3.8858399E-02
  3.9200582E-02
  0.1269738    
  0.1316300    
  0.9677303    
   1.112073    
  0.3700182    
  0.3724004    
   1.252196    
   1.083818    
  0.9784284    
   1.367821    
   1.427048    
   1.419508    
  0.3283932    
  0.3957572    
  0.5902953    
  0.0000000E+00
  0.0000000E+00
  0.5780758    
  0.5636051    
  0.6308480    
  0.6159901    
  0.2372860    
  0.2374484    
  0.1617478    
  0.1598943    
   1.036458    
   1.049885    
   1.044532    
   1.071489    
   1.066070    
  0.5195917    
  0.5903479    
  0.5780287    
  0.5748967    
  0.6298603    
  0.6266841    
  0.2372950    
  0.5317574    
  0.5303270    
   1.272038    
   1.319755    
   1.287222    
   1.276339    
   1.243620    
  0.7024418    
  0.7031482    
   1.406320    
   1.361334    
   1.324651    
  0.6667752    
  0.6660168    
   1.474554    
   1.444133    
  0.5281476    
  0.5285881    
   1.075859    
   1.121243    
   1.115688    
   1.058455    
   1.083062    
  0.4456893    
  0.5200440    
  0.2329703    
  0.2330663    
  0.6137492    
  0.6579108    
  0.6425170    
  0.5766137    
  0.5948626    
  0.6137074    
  0.2330637    
  0.2329669    
  0.6568171    
  0.6533045    
  0.5948075    
  0.5804040    
  0.4134525    
  0.5002134    
  0.5998507    
  2.8130654E-02
  0.0000000E+00
  0.0000000E+00
  0.2765710    
  0.2767738    
  0.4213843    
  0.4993570    
  0.6730608    
  0.6533629    
  0.4104362    
  0.3924923    
   1.296300    
   1.168215    
  0.9071153    
  0.6641706    
  0.6663443    
  0.3589203    
  0.3586032    
   1.167012    
   1.006523    
   1.361497    
   1.355015    
   1.036001    
   1.003334    
   1.465494    
   1.430164    
   1.314322    
  0.8694559    
  0.4487726    
   1.537506    
   1.504400    
   1.109234    
   1.315037    
   1.162296    
   1.123425    
 
 year:        2019
  0.0000000E+00
  0.0000000E+00
  5.4518864E-06
  5.1416200E-06
  5.1344700E-06
  0.0000000E+00
  0.0000000E+00
  0.0000000E+00
  0.0000000E+00
  0.0000000E+00
  0.0000000E+00
  0.0000000E+00
  0.0000000E+00
  0.0000000E+00
  6.4385310E-03
  6.4514680E-03
  8.3498862E-03
  1.5010432E-05
  1.5032521E-05
  0.2996235    
  2.9313145E-02
  2.9352434E-02
  1.5017246E-02
  1.5131517E-02
  6.5694260E-03
  6.6948133E-03
  8.2822656E-03
  0.0000000E+00
  5.1344932E-06
  5.1418447E-06
  0.0000000E+00
  0.0000000E+00
  9.5161825E-02
  0.0000000E+00
  0.0000000E+00
  0.0000000E+00
  0.0000000E+00
  0.0000000E+00
  0.0000000E+00
  0.0000000E+00
  0.0000000E+00
  0.0000000E+00
  0.0000000E+00
  0.0000000E+00
  2.6886887E-06
  2.7124524E-06
  0.0000000E+00
  0.0000000E+00
  0.0000000E+00
  0.0000000E+00
  0.0000000E+00
  0.0000000E+00
  0.0000000E+00
  0.0000000E+00
  9.6187405E-02
  1.3712369E-02
  1.3736568E-02
  0.0000000E+00
  0.0000000E+00
  7.3369350E-03
  7.4162409E-03
  6.3712886E-03
  5.8986987E-03
  6.5468848E-02
  6.5413870E-02
  0.2895320    
  0.3687275    
  1.3733066E-02
  1.3712800E-02
  9.6209981E-02
  7.3381392E-03
  7.4114208E-03
  0.1545955    
  5.0098943E-06
  4.9959590E-06
  3.7825316E-06
  3.7823161E-06
  2.5954355E-02
  2.6047088E-02
  0.0000000E+00
  0.0000000E+00
  3.3528227E-06
  3.4180398E-06
  2.8481641E-06
  2.8556408E-06
  4.6889700E-06
  4.8122515E-06
  0.2309724    
  0.2888831    
  8.8595584E-02
  8.9036994E-02
  0.3886204    
  0.3186106    
  0.2759175    
  0.4810690    
  0.5583012    
  0.5542656    
  1.9267598E-02
  2.3272755E-02
  9.9099629E-02
  0.0000000E+00
  0.0000000E+00
  6.7756958E-02
  6.3753121E-02
  0.1632380    
  0.1554284    
  1.6505186E-02
  1.6493447E-02
  1.4721882E-02
  1.4614717E-02
  0.3179738    
  0.2625478    
  0.2605425    
  0.3983984    
  0.3953379    
  6.2117707E-02
  9.9118359E-02
  6.7745067E-02
  6.6893607E-02
  0.1627257    
  0.1608983    
  1.6507315E-02
  4.4581816E-02
  4.4338435E-02
  0.4912570    
  0.5590300    
  0.5403801    
  0.4336156    
  0.4204892    
  0.1515507    
  0.1513321    
  0.5286995    
  0.4693517    
  0.4542904    
  0.1573526    
  0.1570787    
  0.6118465    
  0.5953760    
  5.9463896E-02
  5.9534792E-02
  0.3542581    
  0.4267778    
  0.4233175    
  0.2914676    
  0.3012700    
  2.7772779E-02
  4.2161785E-02
  1.6589142E-02
  1.6577179E-02
  0.1131959    
  0.1817735    
  0.1736487    
  7.0269801E-02
  7.6014891E-02
  0.1131765    
  1.6577478E-02
  1.6587876E-02
  0.1812095    
  0.1793340    
  7.5998515E-02
  7.1572497E-02
  6.7574784E-02
  9.2697084E-02
  0.1622313    
  9.4485413E-03
  0.0000000E+00
  0.0000000E+00
  3.9226566E-02
  3.9265819E-02
  6.9875382E-02
  9.2461333E-02
  0.2439831    
  0.2325830    
  6.1345909E-02
  5.7915315E-02
  0.6394625    
  0.5413316    
  0.3838157    
  0.1664929    
  0.1671528    
  8.2393169E-02
  8.2244821E-02
  0.5406539    
  0.4435031    
  0.7110720    
  0.7071006    
  0.4066197    
  0.3895803    
  0.7185070    
  0.6966313    
  0.5656320    
  0.3132637    
  0.2138225    
  0.8036254    
  0.7821844    
  0.4481179    
  0.5660638    
  0.4004205    
  0.3824004    
 
 year:        2020
  0.0000000E+00
  0.0000000E+00
  0.0000000E+00
  0.0000000E+00
  0.0000000E+00
  0.0000000E+00
  0.0000000E+00
  0.0000000E+00
  0.0000000E+00
  0.0000000E+00
  0.0000000E+00
  0.0000000E+00
  0.0000000E+00
  0.0000000E+00
  0.0000000E+00
  0.0000000E+00
  0.0000000E+00
  0.0000000E+00
  0.0000000E+00
  0.3182351    
  0.0000000E+00
  0.0000000E+00
  0.0000000E+00
  0.0000000E+00
  0.0000000E+00
  0.0000000E+00
  0.0000000E+00
  0.0000000E+00
  0.0000000E+00
  0.0000000E+00
  0.0000000E+00
  0.0000000E+00
  0.1383451    
  0.0000000E+00
  0.0000000E+00
  0.0000000E+00
  0.0000000E+00
  0.0000000E+00
  0.0000000E+00
  0.0000000E+00
  0.0000000E+00
  0.0000000E+00
  0.0000000E+00
  0.0000000E+00
  0.0000000E+00
  0.0000000E+00
  0.0000000E+00
  0.0000000E+00
  0.0000000E+00
  0.0000000E+00
  0.0000000E+00
  0.0000000E+00
  0.0000000E+00
  0.0000000E+00
  0.1415048    
  0.0000000E+00
  0.0000000E+00
  0.0000000E+00
  0.0000000E+00
  0.0000000E+00
  0.0000000E+00
  0.0000000E+00
  0.0000000E+00
  1.2269409E-02
  1.2211888E-02
  0.3397163    
  0.4042062    
  0.0000000E+00
  0.0000000E+00
  0.1415372    
  0.0000000E+00
  0.0000000E+00
  0.1965519    
  0.0000000E+00
  0.0000000E+00
  0.0000000E+00
  0.0000000E+00
  3.1015465E-02
  3.1272065E-02
  0.0000000E+00
  0.0000000E+00
  0.0000000E+00
  0.0000000E+00
  0.0000000E+00
  0.0000000E+00
  0.0000000E+00
  0.0000000E+00
  0.1888806    
  0.2356154    
  0.0000000E+00
  0.0000000E+00
  0.3236066    
  0.2641591    
  0.2290944    
  0.4345061    
  0.5013415    
  0.4978597    
  0.0000000E+00
  3.3411652E-05
  0.1463723    
  0.0000000E+00
  0.0000000E+00
  0.1133676    
  0.1086031    
  0.2039499    
  0.1960760    
  0.0000000E+00
  0.0000000E+00
  0.0000000E+00
  0.0000000E+00
  0.3426072    
  0.2889593    
  0.2867897    
  0.4072798    
  0.4043049    
  8.4825456E-03
  0.1464044    
  0.1133492    
  0.1122495    
  0.2034418    
  0.2016074    
  0.0000000E+00
  0.0000000E+00
  0.0000000E+00
  0.4784665    
  0.5486905    
  0.5304068    
  0.4174452    
  0.4037882    
  0.1088661    
  0.1087807    
  0.4676883    
  0.4213905    
  0.4072416    
  5.7112083E-02
  5.6841701E-02
  0.5388232    
  0.5241042    
  1.0176354E-02
  1.0271871E-02
  0.3788110    
  0.4495498    
  0.4463347    
  0.3121319    
  0.3222896    
  4.0095940E-02
  6.5357111E-02
  0.0000000E+00
  0.0000000E+00
  0.1669996    
  0.2278847    
  0.2195085    
  0.1205225    
  0.1271809    
  0.1669800    
  0.0000000E+00
  0.0000000E+00
  0.2273104    
  0.2252496    
  0.1271595    
  0.1219763    
  0.1007381    
  0.1462020    
  0.2490909    
  0.0000000E+00
  0.0000000E+00
  0.0000000E+00
  0.0000000E+00
  0.0000000E+00
  0.1048758    
  0.1457231    
  0.3116766    
  0.2995867    
  6.8082139E-02
  6.1900783E-02
  0.6488106    
  0.5432231    
  0.3917645    
  3.6753517E-02
  3.6609430E-02
  0.0000000E+00
  0.0000000E+00
  0.5425425    
  0.4491478    
  0.7246534    
  0.7204949    
  0.4325335    
  0.4146320    
  0.7038720    
  0.6827554    
  0.5805092    
  0.3493730    
  0.0000000E+00
  0.7669532    
  0.7476099    
  0.4694296    
  0.5808889    
  0.4593267    
  0.4401295    
 
 year:        2021
  0.0000000E+00
  0.0000000E+00
  0.0000000E+00
  0.0000000E+00
  0.0000000E+00
  0.0000000E+00
  0.0000000E+00
  0.0000000E+00
  0.0000000E+00
  0.0000000E+00
  0.0000000E+00
  0.0000000E+00
  0.0000000E+00
  0.0000000E+00
  0.0000000E+00
  0.0000000E+00
  6.7626007E-02
  0.0000000E+00
  0.0000000E+00
  0.6039873    
  0.0000000E+00
  0.0000000E+00
  0.0000000E+00
  0.0000000E+00
  0.0000000E+00
  0.0000000E+00
  0.0000000E+00
  0.0000000E+00
  0.0000000E+00
  0.0000000E+00
  0.0000000E+00
  0.0000000E+00
  0.2604904    
  0.0000000E+00
  0.0000000E+00
  0.0000000E+00
  0.0000000E+00
  0.0000000E+00
  0.0000000E+00
  0.0000000E+00
  0.0000000E+00
  0.0000000E+00
  0.0000000E+00
  0.0000000E+00
  0.0000000E+00
  0.0000000E+00
  0.0000000E+00
  0.0000000E+00
  0.0000000E+00
  0.0000000E+00
  0.0000000E+00
  0.0000000E+00
  0.0000000E+00
  0.0000000E+00
  0.3163266    
  0.0000000E+00
  0.0000000E+00
  0.0000000E+00
  0.0000000E+00
  0.0000000E+00
  0.0000000E+00
  0.0000000E+00
  0.0000000E+00
  0.1660230    
  0.1657505    
  0.6831791    
  0.7573184    
  0.0000000E+00
  0.0000000E+00
  0.3163903    
  0.0000000E+00
  0.0000000E+00
  0.3831423    
  0.0000000E+00
  0.0000000E+00
  0.0000000E+00
  0.0000000E+00
  0.1017783    
  0.1022567    
  0.0000000E+00
  0.0000000E+00
  0.0000000E+00
  0.0000000E+00
  0.0000000E+00
  0.0000000E+00
  0.0000000E+00
  0.0000000E+00
  0.4722325    
  0.5684955    
  0.0000000E+00
  0.0000000E+00
  0.7806398    
  0.6458212    
  0.5663152    
  0.9286022    
  0.9997016    
  0.9934092    
  4.8975624E-02
  7.8747466E-02
  0.3187845    
  0.0000000E+00
  0.0000000E+00
  0.2689670    
  0.2594064    
  0.4059799    
  0.3917645    
  2.3032050E-03
  2.3674890E-03
  0.0000000E+00
  0.0000000E+00
  0.7074597    
  0.6313064    
  0.6271323    
  0.8020766    
  0.7967278    
  0.1789271    
  0.3188449    
  0.2689280    
  0.2667911    
  0.4050716    
  0.4017821    
  2.3034313E-03
  0.1757013    
  0.1753839    
  0.8124177    
  0.8808259    
  0.8543045    
  0.7552300    
  0.7345297    
  0.3602836    
  0.3604619    
  0.8706623    
  0.8336833    
  0.8108087    
  0.3109110    
  0.3104593    
  0.9238955    
  0.9034639    
  0.1778017    
  0.1781675    
  0.6457705    
  0.7073578    
  0.7029007    
  0.5803185    
  0.5960413    
  0.1367625    
  0.1768249    
  7.2058602E-03
  7.2883372E-03
  0.2967644    
  0.3594136    
  0.3481363    
  0.2405633    
  0.2515990    
  0.2967365    
  7.2865500E-03
  7.2081876E-03
  0.3586512    
  0.3558730    
  0.2515625    
  0.2429682    
  0.1547748    
  0.2089215    
  0.3305938    
  0.0000000E+00
  0.0000000E+00
  0.0000000E+00
  2.1997672E-02
  2.2082813E-02
  0.1596753    
  0.2083412    
  0.4054337    
  0.3904830    
  0.1037194    
  9.3647182E-02
  0.9128039    
  0.8167481    
  0.6028071    
  0.3069312    
  0.3081031    
  8.8889651E-02
  8.8886380E-02
  0.8158275    
  0.6832579    
  0.9853132    
  0.9802648    
  0.6699191    
  0.6448653    
   1.012643    
  0.9837813    
  0.8223978    
  0.5088817    
  0.0000000E+00
   1.082720    
   1.056311    
  0.6714395    
  0.8229184    
  0.6443093    
  0.6185851    
 
 year:        2022
  0.0000000E+00
  0.0000000E+00
  0.0000000E+00
  0.0000000E+00
  0.0000000E+00
  0.0000000E+00
  0.0000000E+00
  0.0000000E+00
  0.0000000E+00
  0.0000000E+00
  0.0000000E+00
  0.0000000E+00
  0.0000000E+00
  0.0000000E+00
  0.0000000E+00
  0.0000000E+00
  8.9200302E-07
  0.0000000E+00
  0.0000000E+00
  0.2415856    
  0.0000000E+00
  0.0000000E+00
  0.0000000E+00
  0.0000000E+00
  0.0000000E+00
  0.0000000E+00
  0.0000000E+00
  0.0000000E+00
  0.0000000E+00
  0.0000000E+00
  0.0000000E+00
  0.0000000E+00
  0.1011856    
  0.0000000E+00
  0.0000000E+00
  0.0000000E+00
  0.0000000E+00
  0.0000000E+00
  0.0000000E+00
  0.0000000E+00
  0.0000000E+00
  0.0000000E+00
  0.0000000E+00
  0.0000000E+00
  0.0000000E+00
  0.0000000E+00
  0.0000000E+00
  0.0000000E+00
  0.0000000E+00
  0.0000000E+00
  0.0000000E+00
  0.0000000E+00
  0.0000000E+00
  0.0000000E+00
  5.7094321E-02
  0.0000000E+00
  0.0000000E+00
  0.0000000E+00
  0.0000000E+00
  0.0000000E+00
  0.0000000E+00
  0.0000000E+00
  0.0000000E+00
  6.3343998E-03
  6.3016103E-03
  0.1469650    
  0.1845819    
  0.0000000E+00
  0.0000000E+00
  5.7108417E-02
  0.0000000E+00
  0.0000000E+00
  8.5430600E-02
  0.0000000E+00
  0.0000000E+00
  0.0000000E+00
  0.0000000E+00
  1.7637851E-02
  1.7734746E-02
  0.0000000E+00
  0.0000000E+00
  0.0000000E+00
  0.0000000E+00
  0.0000000E+00
  0.0000000E+00
  0.0000000E+00
  0.0000000E+00
  1.4500046E-06
  1.6561238E-06
  0.0000000E+00
  0.0000000E+00
  5.6396056E-02
  3.5502154E-02
  2.3021916E-02
  0.1395010    
  0.1844152    
  0.1826238    
  1.3305299E-07
  4.2205839E-03
  6.7162342E-02
  0.0000000E+00
  0.0000000E+00
  4.4817124E-02
  4.2912848E-02
  0.1059852    
  0.1010993    
  0.0000000E+00
  0.0000000E+00
  0.0000000E+00
  0.0000000E+00
  0.1696729    
  0.1300837    
  0.1289418    
  0.2165918    
  0.2148130    
  1.3265846E-03
  6.7182161E-02
  4.4809703E-02
  4.4367973E-02
  0.1056743    
  0.1045549    
  0.0000000E+00
  6.6594544E-07
  6.6156559E-07
  0.2510140    
  0.3067945    
  0.2954595    
  0.2068070    
  0.1992122    
  1.7908275E-02
  1.7954489E-02
  0.1949017    
  0.1734755    
  0.1670830    
  1.4779876E-06
  1.4735632E-06
  0.2360932    
  0.2287977    
  7.1827085E-03
  7.2161681E-03
  0.1958671    
  0.2526612    
  0.2506005    
  0.1585000    
  0.1639201    
  3.1288359E-02
  4.3670010E-02
  0.0000000E+00
  0.0000000E+00
  9.2632294E-02
  0.1256270    
  0.1206117    
  5.9450805E-02
  6.3333787E-02
  9.2620604E-02
  0.0000000E+00
  0.0000000E+00
  0.1252670    
  0.1239633    
  6.3321419E-02
  6.0282290E-02
  2.7010350E-02
  3.9882142E-02
  9.8577186E-02
  0.0000000E+00
  0.0000000E+00
  0.0000000E+00
  0.0000000E+00
  0.0000000E+00
  2.8191747E-02
  3.9745092E-02
  0.1365271    
  0.1304362    
  1.4036527E-02
  1.1649884E-02
  0.2563847    
  0.1647302    
  9.8706782E-02
  1.4605046E-06
  1.4678581E-06
  3.9269480E-06
  3.9230663E-06
  0.1644272    
  0.1237635    
  0.2975460    
  0.2956229    
  7.9179764E-02
  7.2577722E-02
  0.2060359    
  0.1984658    
  9.9700734E-02
  3.6703929E-02
  0.0000000E+00
  0.2537680    
  0.2455237    
  6.6609770E-02
  9.9761464E-02
  2.4774067E-02
  2.0214673E-02
 
 year:        2023
  0.0000000E+00
  0.0000000E+00
  0.0000000E+00
  0.0000000E+00
  0.0000000E+00
  0.0000000E+00
  0.0000000E+00
  0.0000000E+00
  0.0000000E+00
  0.0000000E+00
  0.0000000E+00
  0.0000000E+00
  0.0000000E+00
  0.0000000E+00
  0.0000000E+00
  0.0000000E+00
  0.0000000E+00
  0.0000000E+00
  0.0000000E+00
  0.2687785    
  0.0000000E+00
  0.0000000E+00
  0.0000000E+00
  0.0000000E+00
  0.0000000E+00
  0.0000000E+00
  0.0000000E+00
  0.0000000E+00
  0.0000000E+00
  0.0000000E+00
  0.0000000E+00
  0.0000000E+00
  9.4379984E-02
  0.0000000E+00
  0.0000000E+00
  0.0000000E+00
  0.0000000E+00
  0.0000000E+00
  0.0000000E+00
  0.0000000E+00
  0.0000000E+00
  0.0000000E+00
  0.0000000E+00
  0.0000000E+00
  0.0000000E+00
  0.0000000E+00
  0.0000000E+00
  0.0000000E+00
  0.0000000E+00
  0.0000000E+00
  0.0000000E+00
  0.0000000E+00
  0.0000000E+00
  0.0000000E+00
  0.1186029    
  0.0000000E+00
  0.0000000E+00
  0.0000000E+00
  0.0000000E+00
  0.0000000E+00
  0.0000000E+00
  0.0000000E+00
  0.0000000E+00
  9.1829887E-03
  9.0695722E-03
  0.2896537    
  0.3580698    
  0.0000000E+00
  0.0000000E+00
  0.1186318    
  0.0000000E+00
  0.0000000E+00
  0.1786490    
  0.0000000E+00
  0.0000000E+00
  0.0000000E+00
  0.0000000E+00
  2.2041142E-02
  2.2220163E-02
  0.0000000E+00
  0.0000000E+00
  0.0000000E+00
  0.0000000E+00
  0.0000000E+00
  0.0000000E+00
  0.0000000E+00
  0.0000000E+00
  0.1143317    
  0.1465130    
  0.0000000E+00
  0.0000000E+00
  0.1955897    
  0.1557487    
  0.1332815    
  0.2532496    
  0.3128363    
  0.3100124    
  0.0000000E+00
  3.3850733E-03
  8.7614387E-02
  0.0000000E+00
  0.0000000E+00
  4.6919826E-02
  4.3790769E-02
  0.1343010    
  0.1283398    
  0.0000000E+00
  0.0000000E+00
  0.0000000E+00
  0.0000000E+00
  0.2242614    
  0.1646977    
  0.1632109    
  0.2787510    
  0.2764975    
  1.5539813E-02
  8.7638527E-02
  4.6907745E-02
  4.6184782E-02
  0.1339106    
  0.1325403    
  0.0000000E+00
  0.0000000E+00
  0.0000000E+00
  0.2851970    
  0.3436629    
  0.3302899    
  0.2296264    
  0.2211468    
  4.8423812E-02
  4.8427172E-02
  0.2488797    
  0.2076132    
  0.1990865    
  3.2016121E-02
  3.1906441E-02
  0.3007375    
  0.2907853    
  0.0000000E+00
  0.0000000E+00
  0.2127586    
  0.2589048    
  0.2568030    
  0.1602501    
  0.1664202    
  1.0571733E-02
  2.1184763E-02
  0.0000000E+00
  0.0000000E+00
  8.7273970E-02
  0.1280313    
  0.1228155    
  4.5584686E-02
  4.9724851E-02
  8.7260135E-02
  0.0000000E+00
  0.0000000E+00
  0.1276781    
  0.1264108    
  4.9711570E-02
  4.6465978E-02
  4.6373777E-02
  6.6543177E-02
  0.1276247    
  0.0000000E+00
  0.0000000E+00
  0.0000000E+00
  0.0000000E+00
  0.0000000E+00
  4.8185103E-02
  6.6322528E-02
  0.1837883    
  0.1755263    
  2.7071349E-02
  2.3382587E-02
  0.4256124    
  0.3359367    
  0.2338112    
  0.0000000E+00
  0.0000000E+00
  0.0000000E+00
  0.0000000E+00
  0.3354827    
  0.2722789    
  0.4922958    
  0.4893475    
  0.2502597    
  0.2379073    
  0.4086148    
  0.3939733    
  0.3103207    
  0.1667063    
  0.0000000E+00
  0.4707303    
  0.4561143    
  0.2429156    
  0.3105591    
  0.2249643    
  0.2132581    
 
