 Monthly Averaged GW/SW Rates for SWAT
 
 month:           1 year:        2005
           1  -66768.70    
           2  -7432.618    
           3  -3106.231    
           4  -7962.640    
           5  -12356.21    
 
 month:           2 year:        2005
           1  -90300.51    
           2  -10135.92    
           3  -4223.224    
           4  -10864.21    
           5  -16730.36    
 
 month:           3 year:        2005
           1  -100742.7    
           2  -11010.95    
           3  -4620.162    
           4  -11782.15    
           5  -18577.40    
 
 month:           4 year:        2005
           1  -18579.29    
           2  -2097.566    
           3  -870.3301    
           4  -2249.312    
           5  -3446.412    
 
 month:           5 year:        2005
           1  -97547.73    
           2  -10714.95    
           3  -4490.244    
           4  -11469.24    
           5  -18005.25    
 
 month:           6 year:        2005
           1  -39205.12    
           2  -4575.852    
           3  -1876.440    
           4  -4916.544    
           5  -7264.639    
 
 month:           7 year:        2005
           1  -72595.35    
           2  -8232.389    
           3  -3402.500    
           4  -8829.800    
           5  -10477.55    
 
 month:           8 year:        2005
           1  -80303.17    
           2  -9097.429    
           3  -3899.683    
           4  -9754.909    
           5   13202.60    
 
 month:           9 year:        2005
           1  -72317.12    
           2  -8055.611    
           3  -3441.762    
           4  -8629.184    
           5   11733.88    
 
 month:          10 year:        2005
           1  -61016.62    
           2  -6873.395    
           3  -2972.364    
           4  -7367.305    
           5   16848.58    
 
 month:          11 year:        2005
           1  -41160.12    
           2  -4674.883    
           3  -2032.610    
           4  -5013.169    
           5   16188.00    
 
 month:          12 year:        2005
           1  -28900.41    
           2  -3245.655    
           3  -1440.133    
           4  -3477.632    
           5   11991.51    
 
 month:           1 year:        2006
           1  -37890.39    
           2  -4250.287    
           3  -1835.156    
           4  -4554.533    
           5   7330.881    
 
 month:           2 year:        2006
           1  -41206.32    
           2  -4512.915    
           3  -1947.256    
           4  -4828.841    
           5   5127.785    
 
 month:           3 year:        2006
           1  -58425.18    
           2  -6493.438    
           3  -2762.234    
           4  -6954.872    
           5   3384.703    
 
 month:           4 year:        2006
           1  -45136.63    
           2  -5093.192    
           3  -2190.438    
           4  -5459.776    
           5   7263.677    
 
 month:           5 year:        2006
           1  -80276.16    
           2  -9002.387    
           3  -3859.195    
           4  -9647.055    
           5   19661.32    
 
 month:           6 year:        2006
           1  -77609.77    
           2  -8593.832    
           3  -3707.928    
           4  -9201.788    
           5   19320.62    
 
 month:           7 year:        2006
           1  -49442.55    
           2  -5528.552    
           3  -2413.323    
           4  -5922.910    
           5   21078.46    
 
 month:           8 year:        2006
           1  -34683.77    
           2  -3913.505    
           3  -1725.502    
           4  -4194.692    
           5   16718.96    
 
 month:           9 year:        2006
           1  -99482.23    
           2  -10960.76    
           3  -4674.439    
           4  -11733.32    
           5   10367.70    
 
 month:          10 year:        2006
           1  -121964.3    
           2  -13491.99    
           3  -5720.132    
           4  -14446.97    
           5   11598.49    
 
 month:          11 year:        2006
           1  -46482.08    
           2  -5315.948    
           3  -2319.161    
           4  -5702.890    
           5   22140.83    
 
 month:          12 year:        2006
           1  -97597.68    
           2  -10881.49    
           3  -4634.481    
           4  -11657.09    
           5   17955.80    
 
 month:           1 year:        2007
           1  -251929.7    
           2  -29358.15    
           3  -12566.93    
           4  -31472.90    
           5   228578.5    
 
 month:           2 year:        2007
           1  -159114.7    
           2  -18618.73    
           3  -8252.874    
           4  -19945.63    
           5   272014.8    
 
 month:           3 year:        2007
           1  -369246.9    
           2  -40710.78    
           3  -19015.41    
           4  -41864.09    
           5   404744.3    
 
 month:           4 year:        2007
           1  -291175.1    
           2  -33286.43    
           3  -15864.61    
           4  -34173.72    
           5   609337.6    
 
 month:           5 year:        2007
           1  -312747.6    
           2  -36601.42    
           3  -17392.53    
           4  -37568.36    
           5   597664.9    
 
 month:           6 year:        2007
           1  -385921.8    
           2  -47581.24    
           3  -22574.15    
           4  -48749.90    
           5   792800.2    
 
 month:           7 year:        2007
           1  -488274.4    
           2  -70755.63    
           3  -33443.80    
           4  -72464.02    
           5   1329597.    
 
 month:           8 year:        2007
           1  -364850.7    
           2  -69929.26    
           3  -33223.41    
           4  -71801.90    
           5   1638187.    
 
 month:           9 year:        2007
           1  -263009.7    
           2  -60078.36    
           3  -28679.06    
           4  -61664.21    
           5   1541438.    
 
 month:          10 year:        2007
           1  -171626.0    
           2  -46204.45    
           3  -22026.56    
           4  -49138.86    
           5   1131213.    
 
 month:          11 year:        2007
           1  -145019.4    
           2  -40748.25    
           3  -19866.03    
           4  -44921.23    
           5   976054.7    
 
 month:          12 year:        2007
           1  -128991.1    
           2  -36885.10    
           3  -18764.38    
           4  -42404.48    
           5   878894.3    
 
 month:           1 year:        2008
           1  -118925.4    
           2  -34856.86    
           3  -17674.97    
           4  -40000.56    
           5   798423.1    
 
 month:           2 year:        2008
           1  -108140.3    
           2  -33546.41    
           3  -15143.26    
           4  -38465.16    
           5   728857.1    
 
 month:           3 year:        2008
           1  -105884.1    
           2  -35105.72    
           3  -15789.07    
           4  -40422.54    
           5   711653.3    
 
 month:           4 year:        2008
           1  -98482.76    
           2  -32262.66    
           3  -14549.31    
           4  -37021.36    
           5   640681.1    
 
 month:           5 year:        2008
           1  -93331.95    
           2  -30093.18    
           3  -13599.65    
           4  -34435.09    
           5   575305.8    
 
 month:           6 year:        2008
           1  -88592.77    
           2  -27307.72    
           3  -12742.12    
           4  -32104.92    
           5   520604.7    
 
 month:           7 year:        2008
           1  -94566.52    
           2  -29601.04    
           3  -14301.63    
           4  -36634.07    
           5   496239.6    
 
 month:           8 year:        2008
           1  -95653.20    
           2  -31957.15    
           3  -15639.53    
           4  -40538.21    
           5   571510.4    
 
 month:           9 year:        2008
           1  -86201.33    
           2  -28227.55    
           3  -13730.00    
           4  -35224.20    
           5   579881.4    
 
 month:          10 year:        2008
           1  -80370.69    
           2  -25612.85    
           3  -12388.31    
           4  -31430.54    
           5   484021.8    
 
 month:          11 year:        2008
           1  -76046.51    
           2  -23917.88    
           3  -11519.35    
           4  -29049.76    
           5   430764.8    
 
 month:          12 year:        2008
           1  -73363.05    
           2  -22499.35    
           3  -10997.90    
           4  -27639.79    
           5   387120.4    
 
 month:           1 year:        2009
           1  -70532.59    
           2  -21490.48    
           3  -10572.47    
           4  -26504.55    
           5   349529.3    
 
 month:           2 year:        2009
           1  -66905.59    
           2  -20679.03    
           3  -10120.86    
           4  -25298.18    
           5   317830.5    
 
 month:           3 year:        2009
           1  -76597.97    
           2  -25686.49    
           3  -13009.05    
           4  -31391.49    
           5   440324.5    
 
 month:           4 year:        2009
           1  -71211.25    
           2  -23916.97    
           3  -12018.77    
           4  -27668.59    
           5   397414.9    
 
 month:           5 year:        2009
           1  -68087.05    
           2  -23026.41    
           3  -11525.50    
           4  -26358.88    
           5   351210.8    
 
 month:           6 year:        2009
           1  -62499.99    
           2  -21065.45    
           3  -10470.80    
           4  -23306.73    
           5   346332.8    
 
 month:           7 year:        2009
           1  -59450.54    
           2  -19198.02    
           3  -9750.024    
           4  -20565.98    
           5   293032.8    
 
 month:           8 year:        2009
           1  -57372.38    
           2  -17647.39    
           3  -9239.067    
           4  -18763.32    
           5   260520.8    
 
 month:           9 year:        2009
           1  -83920.66    
           2  -27637.58    
           3  -17472.83    
           4  -15123.24    
           5   607887.1    
 
 month:          10 year:        2009
           1  -81203.84    
           2  -35674.41    
           3  -24439.38    
           4   261147.0    
           5   1230595.    
 
 month:          11 year:        2009
           1  -53046.86    
           2  -25705.95    
           3  -15749.72    
           4   400877.4    
           5   1331209.    
 
 month:          12 year:        2009
           1  -61548.30    
           2  -24830.33    
           3   2009.035    
           4   366624.9    
           5   1137844.    
 
 month:           1 year:        2010
           1  -22190.40    
           2  -22455.96    
           3   27490.41    
           4   437581.7    
           5   1226454.    
 
 month:           2 year:        2010
           1   151916.0    
           2   19499.80    
           3   137524.8    
           4   850018.6    
           5   1946236.    
 
 month:           3 year:        2010
           1  -22496.55    
           2  -18031.65    
           3   129813.1    
           4   748494.6    
           5   1662046.    
 
 month:           4 year:        2010
           1  -30160.26    
           2  -16301.29    
           3   177899.2    
           4   731659.6    
           5   1683422.    
 
 month:           5 year:        2010
           1  -32134.44    
           2  -17192.86    
           3   244095.6    
           4   867286.4    
           5   1961564.    
 
 month:           6 year:        2010
           1  -34103.66    
           2  -15430.81    
           3   242472.5    
           4   819651.6    
           5   1762528.    
 
 month:           7 year:        2010
           1  -34453.96    
           2  -4093.192    
           3   302689.6    
           4   840458.3    
           5   1692893.    
 
 month:           8 year:        2010
           1  -34966.70    
           2   42101.11    
           3   268270.2    
           4   753095.8    
           5   1508892.    
 
 month:           9 year:        2010
           1  -32935.87    
           2   171009.2    
           3   418453.3    
           4   1108327.    
           5   1909424.    
 
 month:          10 year:        2010
           1  -34915.32    
           2   162601.9    
           3   395183.2    
           4   1081758.    
           5   1818537.    
 
 month:          11 year:        2010
           1  -33517.71    
           2   135076.7    
           3   339961.1    
           4   964691.4    
           5   1552598.    
 
 month:          12 year:        2010
           1  -32178.19    
           2   125843.5    
           3   306656.9    
           4   877921.1    
           5   1434180.    
 
 month:           1 year:        2011
           1  -29565.34    
           2   147165.5    
           3   331820.1    
           4   908130.5    
           5   1594568.    
 
 month:           2 year:        2011
           1  -31464.83    
           2   136805.6    
           3   307597.2    
           4   851875.1    
           5   1449626.    
 
 month:           3 year:        2011
           1  -31390.45    
           2   111792.1    
           3   267842.1    
           4   764717.2    
           5   1288395.    
 
 month:           4 year:        2011
           1  -31184.28    
           2   97180.00    
           3   239871.2    
           4   690726.4    
           5   1181656.    
 
 month:           5 year:        2011
           1  -31076.57    
           2   86788.19    
           3   216538.4    
           4   622833.5    
           5   1089525.    
 
 month:           6 year:        2011
           1  -29371.57    
           2   84484.65    
           3   209531.5    
           4   601427.7    
           5   1031597.    
 
 month:           7 year:        2011
           1  -29862.14    
           2   83865.47    
           3   204383.5    
           4   589424.9    
           5   1004870.    
 
 month:           8 year:        2011
           1  -30047.61    
           2   71303.77    
           3   182521.0    
           4   527238.2    
           5   914894.1    
 
 month:           9 year:        2011
           1  -29631.32    
           2   75024.62    
           3   181750.5    
           4   483598.9    
           5   878365.7    
 
 month:          10 year:        2011
           1  -27702.06    
           2   108694.6    
           3   228024.7    
           4   541222.2    
           5   1221865.    
 
 month:          11 year:        2011
           1  -28567.81    
           2   85909.03    
           3   199629.7    
           4   520389.4    
           5   1048399.    
 
 month:          12 year:        2011
           1  -23921.86    
           2   151513.2    
           3   332472.4    
           4   782833.6    
           5   1581924.    
 
 month:           1 year:        2012
           1  -26518.33    
           2   152125.3    
           3   318726.1    
           4   845795.7    
           5   1437411.    
 
 month:           2 year:        2012
           1  -9284.513    
           2   235317.1    
           3   442094.0    
           4   1226699.    
           5   1673386.    
 
 month:           3 year:        2012
           1  -11593.82    
           2   236193.9    
           3   447069.3    
           4   1267541.    
           5   1860316.    
 
 month:           4 year:        2012
           1  -20192.30    
           2   183107.6    
           3   367726.0    
           4   1131638.    
           5   1630080.    
 
 month:           5 year:        2012
           1  -11172.52    
           2   229414.9    
           3   448195.2    
           4   1275508.    
           5   2116630.    
 
 month:           6 year:        2012
           1  -19809.73    
           2   195203.9    
           3   386808.7    
           4   1160262.    
           5   1788924.    
 
 month:           7 year:        2012
           1  -18110.49    
           2   160028.9    
           3   333529.7    
           4   1049659.    
           5   1591566.    
 
 month:           8 year:        2012
           1  -19922.61    
           2   142986.1    
           3   305380.0    
           4   946906.6    
           5   1518049.    
 
 month:           9 year:        2012
           1  -17192.46    
           2   179960.3    
           3   376702.2    
           4   1099673.    
           5   2011915.    
 
 month:          10 year:        2012
           1  -16669.45    
           2   205243.2    
           3   433273.2    
           4   1315128.    
           5   2331338.    
 
 month:          11 year:        2012
           1  -18966.34    
           2   162104.8    
           3   353095.6    
           4   1113583.    
           5   1772080.    
 
 month:          12 year:        2012
           1  -18759.74    
           2   135676.3    
           3   310179.9    
           4   1009353.    
           5   1568020.    
 
 month:           1 year:        2013
           1  -17145.71    
           2   147258.5    
           3   330646.1    
           4   1018109.    
           5   1673838.    
 
 month:           2 year:        2013
           1  -18182.31    
           2   130044.8    
           3   291635.2    
           4   917451.5    
           5   1495771.    
 
 month:           3 year:        2013
           1  -18121.49    
           2   113291.8    
           3   262066.3    
           4   843003.1    
           5   1375252.    
 
 month:           4 year:        2013
           1  -16043.87    
           2   106676.6    
           3   249218.6    
           4   789518.2    
           5   1326312.    
 
 month:           5 year:        2013
           1  -11923.29    
           2   142283.1    
           3   297287.1    
           4   867276.6    
           5   1488653.    
 
 month:           6 year:        2013
           1  -12774.09    
           2   230048.8    
           3   426129.1    
           4   1144491.    
           5   1986960.    
 
 month:           7 year:        2013
           1  -15942.41    
           2   144979.2    
           3   310952.9    
           4   966392.8    
           5   1517905.    
 
 month:           8 year:        2013
           1  -15639.56    
           2   118222.3    
           3   272345.3    
           4   883161.4    
           5   1343185.    
 
 month:           9 year:        2013
           1  -14364.37    
           2   121879.0    
           3   269194.3    
           4   855855.1    
           5   1329171.    
 
 month:          10 year:        2013
           1  -14150.76    
           2   172552.5    
           3   370938.2    
           4   1084354.    
           5   1853884.    
 
 month:          11 year:        2013
           1  -14062.52    
           2   176572.8    
           3   387998.7    
           4   1203370.    
           5   2111733.    
 
 month:          12 year:        2013
           1  -14476.14    
           2   155677.0    
           3   338992.9    
           4   1081602.    
           5   1722796.    
 
 month:           1 year:        2014
           1  -14501.69    
           2   128863.6    
           3   289898.4    
           4   963832.7    
           5   1465335.    
 
 month:           2 year:        2014
           1  -14217.38    
           2   113211.3    
           3   260193.7    
           4   872033.9    
           5   1329792.    
 
 month:           3 year:        2014
           1  -13841.54    
           2   100633.9    
           3   235335.6    
           4   786851.9    
           5   1225179.    
 
 month:           4 year:        2014
           1  -13764.28    
           2   89476.16    
           3   212935.5    
           4   707456.6    
           5   1129893.    
 
 month:           5 year:        2014
           1  -12001.31    
           2   109118.5    
           3   240137.9    
           4   762748.6    
           5   1319177.    
 
 month:           6 year:        2014
           1  -11147.56    
           2   126205.3    
           3   272471.1    
           4   861429.1    
           5   1496740.    
 
 month:           7 year:        2014
           1  -10148.41    
           2   130105.5    
           3   297700.7    
           4   870225.8    
           5   1480902.    
 
 month:           8 year:        2014
           1  -11839.84    
           2   113443.7    
           3   261872.2    
           4   814529.8    
           5   1385149.    
 
 month:           9 year:        2014
           1  -12219.67    
           2   96593.47    
           3   230829.8    
           4   750053.1    
           5   1268345.    
 
 month:          10 year:        2014
           1  -11909.17    
           2   91509.23    
           3   213890.9    
           4   696652.1    
           5   1159704.    
 
 month:          11 year:        2014
           1  -6551.045    
           2   157171.0    
           3   320309.1    
           4   957590.0    
           5   1606368.    
 
 month:          12 year:        2014
           1  -9757.354    
           2   146807.2    
           3   296019.2    
           4   949245.8    
           5   1395990.    
 
 month:           1 year:        2015
           1  -7203.332    
           2   167040.5    
           3   343002.4    
           4   1072962.    
           5   1591155.    
 
 month:           2 year:        2015
           1  -8828.265    
           2   177820.7    
           3   360317.7    
           4   1164174.    
           5   1677279.    
 
 month:           3 year:        2015
           1  -5161.363    
           2   174648.2    
           3   355768.2    
           4   1167739.    
           5   1620156.    
 
 month:           4 year:        2015
           1  -2470.336    
           2   189657.6    
           3   387565.3    
           4   1274602.    
           5   1772496.    
 
 month:           5 year:        2015
           1   51466.39    
           2   287987.6    
           3   583125.8    
           4   1808870.    
           5   2745910.    
 
 month:           6 year:        2015
           1   85457.88    
           2   348468.9    
           3   648478.0    
           4   2110850.    
           5   3253499.    
 
 month:           7 year:        2015
           1   29203.23    
           2   303884.1    
           3   553548.8    
           4   1880119.    
           5   2586922.    
 
 month:           8 year:        2015
           1   8992.120    
           2   226740.7    
           3   457203.6    
           4   1639302.    
           5   2188882.    
 
 month:           9 year:        2015
           1   7550.743    
           2   190967.7    
           3   401872.9    
           4   1476396.    
           5   1989224.    
 
 month:          10 year:        2015
           1   8760.030    
           2   189912.6    
           3   402589.2    
           4   1416923.    
           5   2069386.    
 
 month:          11 year:        2015
           1   18562.46    
           2   278846.6    
           3   566251.3    
           4   1814197.    
           5   3067351.    
 
 month:          12 year:        2015
           1   16518.39    
           2   241048.1    
           3   495561.2    
           4   1700104.    
           5   2593514.    
 
 month:           1 year:        2016
           1   38420.99    
           2   248321.2    
           3   505076.3    
           4   1698237.    
           5   2444645.    
 
 month:           2 year:        2016
           1   16099.98    
           2   207590.1    
           3   425891.8    
           4   1504539.    
           5   2151508.    
 
 month:           3 year:        2016
           1   38338.63    
           2   231782.2    
           3   473798.3    
           4   1599842.    
           5   2384339.    
 
 month:           4 year:        2016
           1   80894.62    
           2   245836.7    
           3   501206.9    
           4   1680818.    
           5   2682372.    
 
 month:           5 year:        2016
           1   151367.3    
           2   298803.1    
           3   660281.1    
           4   2125493.    
           5   3442854.    
 
 month:           6 year:        2016
           1   288443.8    
           2   404682.0    
           3   753191.5    
           4   2502323.    
           5   3750623.    
 
 month:           7 year:        2016
           1   71772.92    
           2   297333.8    
           3   577118.4    
           4   2117024.    
           5   2872006.    
 
 month:           8 year:        2016
           1   64858.58    
           2   307413.6    
           3   620921.8    
           4   2165362.    
           5   3177858.    
 
 month:           9 year:        2016
           1   59137.70    
           2   329785.6    
           3   643191.1    
           4   2203988.    
           5   3300090.    
 
 month:          10 year:        2016
           1   62128.76    
           2   311570.7    
           3   618894.8    
           4   2187006.    
           5   3220570.    
 
 month:          11 year:        2016
           1   64318.13    
           2   282171.2    
           3   570631.2    
           4   2045182.    
           5   3007831.    
 
 month:          12 year:        2016
           1   197979.7    
           2   367944.1    
           3   696341.6    
           4   2358120.    
           5   3501160.    
 
 month:           1 year:        2017
           1   144477.6    
           2   321577.4    
           3   606628.3    
           4   2160477.    
           5   3028406.    
 
 month:           2 year:        2017
           1   146213.0    
           2   304580.2    
           3   580683.6    
           4   2088090.    
           5   3022280.    
 
 month:           3 year:        2017
           1   113196.4    
           2   290175.1    
           3   551341.2    
           4   2034507.    
           5   2908338.    
 
 month:           4 year:        2017
           1   69364.48    
           2   242690.8    
           3   475443.6    
           4   1809744.    
           5   2605153.    
 
 month:           5 year:        2017
           1   60800.83    
           2   213246.3    
           3   427391.8    
           4   1624496.    
           5   2369498.    
 
 month:           6 year:        2017
           1   56409.51    
           2   189792.6    
           3   390441.7    
           4   1494761.    
           5   2348718.    
 
 month:           7 year:        2017
           1   53342.83    
           2   171881.0    
           3   354025.3    
           4   1342671.    
           5   2044015.    
 
 month:           8 year:        2017
           1   75810.67    
           2   210699.7    
           3   398647.3    
           4   1368738.    
           5   2261394.    
 
 month:           9 year:        2017
           1   73561.30    
           2   209737.7    
           3   397244.0    
           4   1347980.    
           5   2211980.    
 
 month:          10 year:        2017
           1   75581.59    
           2   227830.1    
           3   432754.2    
           4   1394184.    
           5   2317184.    
 
 month:          11 year:        2017
           1   55192.74    
           2   179060.1    
           3   352092.5    
           4   1224039.    
           5   1920098.    
 
 month:          12 year:        2017
           1   87947.70    
           2   216615.8    
           3   413300.6    
           4   1333454.    
           5   2104498.    
 
 month:           1 year:        2018
           1   69662.87    
           2   206505.9    
           3   382247.6    
           4   1275988.    
           5   1916262.    
 
 month:           2 year:        2018
           1   59093.15    
           2   170205.2    
           3   328343.7    
           4   1143923.    
           5   1730587.    
 
 month:           3 year:        2018
           1   63320.95    
           2   164617.9    
           3   317046.2    
           4   1099494.    
           5   1720909.    
 
 month:           4 year:        2018
           1   81002.26    
           2   195647.4    
           3   364097.9    
           4   1230140.    
           5   1954533.    
 
 month:           5 year:        2018
           1   56162.99    
           2   153710.4    
           3   299919.3    
           4   1068310.    
           5   1776281.    
 
 month:           6 year:        2018
           1   51195.55    
           2   133865.6    
           3   267034.1    
           4   963831.4    
           5   1510917.    
 
 month:           7 year:        2018
           1   69989.61    
           2   196814.7    
           3   359359.2    
           4   1226010.    
           5   1895160.    
 
 month:           8 year:        2018
           1   55018.89    
           2   161608.6    
           3   304031.0    
           4   1073936.    
           5   1690625.    
 
 month:           9 year:        2018
           1   245352.6    
           2   500944.3    
           3   832604.8    
           4   2334244.    
           5   4218515.    
 
 month:          10 year:        2018
           1   439390.7    
           2   643915.4    
           3   958521.4    
           4   2870878.    
           5   4338092.    
 
 month:          11 year:        2018
           1   395456.0    
           2   655571.2    
           3   936686.3    
           4   3074532.    
           5   4014250.    
 
 month:          12 year:        2018
           1   215665.7    
           2   469852.6    
           3   753978.9    
           4   2723157.    
           5   3479209.    
 
 month:           1 year:        2019
           1   181752.2    
           2   422813.3    
           3   716512.6    
           4   2614762.    
           5   3471272.    
 
 month:           2 year:        2019
           1   142623.8    
           2   342344.4    
           3   601847.0    
           4   2338036.    
           5   3032134.    
 
 month:           3 year:        2019
           1   127705.6    
           2   288954.2    
           3   529731.8    
           4   2077170.    
           5   2744538.    
 
 month:           4 year:        2019
           1   136494.8    
           2   273608.9    
           3   494855.7    
           4   1909833.    
           5   2751387.    
 
 month:           5 year:        2019
           1   125800.8    
           2   284157.6    
           3   514844.0    
           4   1896538.    
           5   3212184.    
 
 month:           6 year:        2019
           1   118634.1    
           2   257667.8    
           3   480568.3    
           4   1796096.    
           5   2932520.    
 
 month:           7 year:        2019
           1   123558.0    
           2   241469.6    
           3   455345.5    
           4   1745287.    
           5   2732113.    
 
 month:           8 year:        2019
           1   114342.1    
           2   207450.5    
           3   400186.6    
           4   1542400.    
           5   2369109.    
 
 month:           9 year:        2019
           1   121728.3    
           2   189150.6    
           3   368525.3    
           4   1402852.    
           5   2290680.    
 
 month:          10 year:        2019
           1   127972.7    
           2   187124.2    
           3   361621.1    
           4   1356252.    
           5   2272285.    
 
 month:          11 year:        2019
           1   127595.6    
           2   192937.0    
           3   363418.1    
           4   1310066.    
           5   2237056.    
 
 month:          12 year:        2019
           1   115081.8    
           2   164438.7    
           3   318960.2    
           4   1177122.    
           5   1929175.    
 
 month:           1 year:        2020
           1   114385.7    
           2   158604.6    
           3   304606.4    
           4   1113385.    
           5   1914468.    
 
 month:           2 year:        2020
           1   114427.7    
           2   178408.7    
           3   321135.8    
           4   1126921.    
           5   1957752.    
 
 month:           3 year:        2020
           1   104988.8    
           2   154079.0    
           3   287262.9    
           4   1034030.    
           5   1773370.    
 
 month:           4 year:        2020
           1   116931.2    
           2   166938.0    
           3   297363.5    
           4   1040190.    
           5   1809923.    
 
 month:           5 year:        2020
           1   110139.8    
           2   169452.5    
           3   318440.0    
           4   1110962.    
           5   2055758.    
 
 month:           6 year:        2020
           1   120186.1    
           2   212251.2    
           3   361706.8    
           4   1178359.    
           5   2142520.    
 
 month:           7 year:        2020
           1   95919.45    
           2   157987.7    
           3   294552.4    
           4   1038033.    
           5   1781598.    
 
 month:           8 year:        2020
           1   89652.44    
           2   138738.5    
           3   265722.0    
           4   960240.7    
           5   1563436.    
 
 month:           9 year:        2020
           1   101761.3    
           2   160282.1    
           3   305368.8    
           4   1041932.    
           5   2107594.    
 
 month:          10 year:        2020
           1   89339.84    
           2   141861.9    
           3   266028.9    
           4   930773.1    
           5   1694834.    
 
 month:          11 year:        2020
           1   83955.65    
           2   124638.7    
           3   240006.5    
           4   854272.3    
           5   1479186.    
 
 month:          12 year:        2020
           1   84330.02    
           2   120811.2    
           3   226655.7    
           4   805032.7    
           5   1385976.    
 
 month:           1 year:        2021
           1   81858.70    
           2   119383.1    
           3   223529.9    
           4   773460.6    
           5   1363484.    
 
 month:           2 year:        2021
           1   83995.13    
           2   124495.6    
           3   227754.4    
           4   760870.9    
           5   1331046.    
 
 month:           3 year:        2021
           1   78345.41    
           2   129717.2    
           3   232898.7    
           4   760785.9    
           5   1329286.    
 
 month:           4 year:        2021
           1   73329.49    
           2   110180.7    
           3   208810.7    
           4   698294.0    
           5   1185948.    
 
 month:           5 year:        2021
           1   118364.9    
           2   232793.1    
           3   414671.8    
           4   1188338.    
           5   2231647.    
 
 month:           6 year:        2021
           1   108293.2    
           2   233168.8    
           3   415482.2    
           4   1421359.    
           5   2419210.    
 
 month:           7 year:        2021
           1   120685.4    
           2   245203.7    
           3   422733.9    
           4   1396153.    
           5   2374990.    
 
 month:           8 year:        2021
           1   100973.9    
           2   203361.5    
           3   358534.2    
           4   1253221.    
           5   1978683.    
 
 month:           9 year:        2021
           1   100290.1    
           2   207334.2    
           3   362249.3    
           4   1169808.    
           5   1929565.    
 
 month:          10 year:        2021
           1   138788.8    
           2   236420.1    
           3   403730.6    
           4   1323044.    
           5   2305055.    
 
 month:          11 year:        2021
           1   123291.3    
           2   216929.9    
           3   371736.0    
           4   1279765.    
           5   2014155.    
 
 month:          12 year:        2021
           1   113866.2    
           2   184232.5    
           3   320328.2    
           4   1148173.    
           5   1718372.    
 
 month:           1 year:        2022
           1   102652.7    
           2   157279.4    
           3   284730.2    
           4   1044139.    
           5   1558724.    
 
 month:           2 year:        2022
           1   111773.4    
           2   161153.9    
           3   285223.1    
           4   1039560.    
           5   1543052.    
 
 month:           3 year:        2022
           1   96243.23    
           2   136906.2    
           3   251194.0    
           4   923675.4    
           5   1390189.    
 
 month:           4 year:        2022
           1   90803.41    
           2   122208.5    
           3   227161.9    
           4   837543.6    
           5   1276012.    
 
 month:           5 year:        2022
           1   87152.34    
           2   114265.1    
           3   208229.6    
           4   762922.1    
           5   1180517.    
 
 month:           6 year:        2022
           1   81879.22    
           2   101256.0    
           3   190706.3    
           4   700286.1    
           5   1116881.    
 
 month:           7 year:        2022
           1   88172.55    
           2   95098.12    
           3   182789.7    
           4   704819.5    
           5   1185534.    
 
 month:           8 year:        2022
           1   81623.45    
           2   90570.66    
           3   169529.0    
           4   625894.9    
           5   1046092.    
 
 month:           9 year:        2022
           1   83846.71    
           2   107080.4    
           3   178814.6    
           4   588722.4    
           5   1011762.    
 
 month:          10 year:        2022
           1   70098.70    
           2   87095.45    
           3   157454.1    
           4   549706.6    
           5   892843.9    
 
 month:          11 year:        2022
           1   73639.38    
           2   91222.67    
           3   168052.0    
           4   613798.4    
           5   924437.4    
 
 month:          12 year:        2022
           1   77466.55    
           2   115299.6    
           3   196705.2    
           4   634162.7    
           5   1066755.    
 
 month:           1 year:        2023
           1   65245.47    
           2   89994.05    
           3   166970.7    
           4   566543.1    
           5   930304.3    
 
 month:           2 year:        2023
           1   68600.53    
           2   111085.4    
           3   193600.9    
           4   626092.2    
           5   1123349.    
 
 month:           3 year:        2023
           1   63940.81    
           2   101517.2    
           3   170464.6    
           4   554454.5    
           5   919349.6    
 
 month:           4 year:        2023
           1   64888.83    
           2   127309.2    
           3   190681.2    
           4   595124.4    
           5   950669.2    
 
 month:           5 year:        2023
           1   79047.58    
           2   132080.5    
           3   211468.0    
           4   653220.3    
           5   1096981.    
 
 month:           6 year:        2023
           1   66881.66    
           2   107333.2    
           3   187505.4    
           4   628185.3    
           5   1102531.    
 
 month:           7 year:        2023
           1   61840.95    
           2   88519.64    
           3   162991.3    
           4   565273.9    
           5   905627.8    
 
 month:           8 year:        2023
           1   59325.95    
           2   79670.43    
           3   147749.0    
           4   518297.9    
           5   813295.3    
 
 month:           9 year:        2023
           1   57351.59    
           2   72871.35    
           3   134761.8    
           4   473503.8    
           5   746170.1    
 
 month:          10 year:        2023
           1   59585.86    
           2   77251.00    
           3   130672.9    
           4   453893.2    
           5   770752.1    
 
 month:          11 year:        2023
           1   67168.17    
           2   101119.2    
           3   152132.5    
           4   495387.9    
           5   972857.8    
 
 month:          12 year:        2023
           1   59951.98    
           2   83826.20    
           3   137363.0    
           4   443107.7    
           5   791302.3    
 
