 Yearly Averaged GW/SW Rates for SWAT
 
 year:        2005
  -64137.82    
  -7180.157    
  -3032.232    
  -7694.207    
  -1344.354    
 
 year:        2006
  -66037.48    
  -7358.051    
  -3158.201    
  -7881.791    
   13550.58    
 
 year:        2007
  -278704.8    
  -44427.00    
  -21068.44    
  -46553.02    
   870366.2    
 
 year:        2008
  -93263.62    
  -29572.63    
  -14005.32    
  -35237.89    
   576698.2    
 
 year:        2009
  -67704.75    
  -23898.45    
  -11854.97    
   68396.88    
   589965.9    
 
 year:        2010
  -17208.98    
   46872.76    
   249628.3    
   839273.6    
   1677207.    
 
 year:        2011
  -29463.70    
   103296.6    
   241664.7    
   656344.1    
   1190055.    
 
 year:        2012
  -17379.52    
   184651.0    
   376751.4    
   1119799.    
   1775789.    
 
 year:        2013
  -15221.43    
   146626.9    
   317321.0    
   971358.4    
   1602040.    
 
 year:        2014
  -11815.21    
   116954.1    
   260993.1    
   832543.1    
   1355199.    
 
 year:        2015
   17001.94    
   231634.2    
   463366.2    
   1545602.    
   2264966.    
 
 year:        2016
   95186.87    
   294972.5    
   588248.4    
   2018489.    
   2999582.    
 
 year:        2017
   84043.80    
   231176.6    
   447733.8    
   1599389.    
   2425299.    
 
 year:        2018
   150384.6    
   304806.3    
   509136.0    
   1675570.    
   2522515.    
 
 year:        2019
   130218.8    
   253904.8    
   466537.6    
   1760897.    
   2662723.    
 
 year:        2020
   102128.8    
   156936.9    
   290641.3    
   1019203.    
   1804815.    
 
 year:        2021
   103691.8    
   187393.8    
   330944.5    
   1100054.    
   1852277.    
 
 year:        2022
   86959.96    
   114677.4    
   207939.3    
   750474.4    
   1180887.    
 
 year:        2023
   64455.57    
   97556.23    
   165291.8    
   547109.9    
   925146.4    
 
